1.589514 2.185900 0.340019 0.313968 0.000000
1.044173 1.454985 0.628510 0.571124 1.000000
0.950849 1.147973 0.669767 0.709647 2.000000
0.913956 1.383279 0.689781 0.586644 3.000000
0.890792 1.312582 0.701692 0.625085 4.000000
0.873345 1.143069 0.710047 0.710548 5.000000
0.860085 1.177889 0.716439 0.701126 6.000000
0.849145 1.141073 0.721621 0.735836 7.000000
0.839974 1.221209 0.725973 0.676119 8.000000
0.832694 1.113335 0.729495 0.734088 9.000000
0.825945 1.305505 0.732690 0.607923 10.000000
0.820590 1.422080 0.735421 0.567164 11.000000
0.815530 1.118765 0.737480 0.734237 12.000000
0.811241 1.359628 0.739608 0.605078 13.000000
0.807103 1.056402 0.741774 0.754202 14.000000
0.803731 1.078259 0.743282 0.753006 15.000000
0.800213 1.148427 0.744859 0.704181 16.000000
0.797050 1.036127 0.746106 0.755460 17.000000
0.794147 1.087145 0.747446 0.752158 18.000000
0.791593 1.152495 0.748684 0.711322 19.000000
0.788949 1.530912 0.749602 0.577312 20.000000
0.786875 1.143338 0.750795 0.711117 21.000000
0.784885 1.425602 0.751459 0.568834 22.000000
0.782577 1.099578 0.752624 0.726345 23.000000
0.781149 1.076119 0.753362 0.751198 24.000000
0.778954 1.059801 0.754282 0.748926 25.000000
0.777783 1.396118 0.754683 0.616400 26.000000
0.775644 1.214477 0.755478 0.698457 27.000000
0.774464 1.132889 0.756030 0.739363 28.000000
0.773350 1.185713 0.756680 0.711209 29.000000
0.771679 1.298610 0.757223 0.673150 30.000000
0.770327 1.109339 0.757913 0.745793 31.000000
0.769416 1.130879 0.758303 0.723303 32.000000
0.767783 1.062040 0.758800 0.752649 33.000000
0.766608 1.071662 0.759265 0.744152 34.000000
0.765619 1.120216 0.759800 0.724434 35.000000
0.764611 1.074581 0.760319 0.749473 36.000000
0.763599 1.046448 0.760576 0.753323 37.000000
0.762866 1.094468 0.760871 0.743454 38.000000
0.762345 1.188213 0.760968 0.688840 39.000000
0.761740 1.064561 0.761297 0.749895 40.000000
0.760907 1.151045 0.761725 0.716940 41.000000
0.759930 1.014483 0.761892 0.766675 42.000000
0.759154 1.029671 0.762190 0.764495 43.000000
0.758814 1.119773 0.762598 0.729045 44.000000
0.758347 1.086089 0.762720 0.750196 45.000000
0.757773 1.112085 0.763057 0.729443 46.000000
0.757162 1.045470 0.763392 0.760327 47.000000
0.756899 1.016916 0.763478 0.765838 48.000000
0.756199 1.066661 0.763598 0.747074 49.000000
0.755703 1.064934 0.763802 0.745483 50.000000
0.754782 1.027974 0.764183 0.773124 51.000000
0.754862 1.002501 0.764546 0.779643 52.000000
0.754626 1.125595 0.764447 0.736862 53.000000
0.754262 1.097781 0.764717 0.733275 54.000000
0.753769 1.010161 0.764491 0.775845 55.000000
0.753180 1.072115 0.764903 0.745146 56.000000
0.753349 1.018531 0.765176 0.767605 57.000000
0.752650 1.233897 0.765096 0.680909 58.000000
0.752455 1.068480 0.765111 0.743947 59.000000
0.752107 1.000507 0.765441 0.775547 60.000000
0.751617 1.074829 0.765499 0.746458 61.000000
0.751393 1.146982 0.765473 0.719534 62.000000
0.751137 1.052649 0.765451 0.750794 63.000000
0.750645 1.126127 0.766065 0.730557 64.000000
0.750592 1.118923 0.765812 0.737687 65.000000
0.750093 1.131205 0.766050 0.733239 66.000000
0.750149 1.115568 0.766160 0.722506 67.000000
0.749246 1.002588 0.766421 0.774314 68.000000
0.749303 1.021644 0.766271 0.769323 69.000000
0.749517 1.017712 0.766278 0.769428 70.000000
0.748990 1.072513 0.766663 0.750264 71.000000
0.748533 1.094219 0.766865 0.729001 72.000000
0.748538 1.059992 0.766761 0.757510 73.000000
0.748048 1.015528 0.767004 0.766863 74.000000
0.748147 1.014426 0.766685 0.769115 75.000000
0.747672 1.012841 0.767104 0.768141 76.000000
0.747850 1.057498 0.767196 0.750286 77.000000
0.747248 1.097809 0.767094 0.730761 78.000000
0.747328 1.007666 0.767165 0.772733 79.000000
0.747048 1.065595 0.767188 0.747340 80.000000
0.746462 1.081568 0.767307 0.750934 81.000000
0.746471 1.032964 0.767331 0.761645 82.000000
0.746220 1.046509 0.767554 0.759382 83.000000
0.745999 1.051215 0.767497 0.749955 84.000000
0.746090 1.106296 0.767432 0.727324 85.000000
0.745577 0.998823 0.767684 0.774538 86.000000
0.745351 1.006411 0.767793 0.773202 87.000000
0.745361 1.012688 0.767886 0.774822 88.000000
0.745085 1.036615 0.768058 0.760112 89.000000
0.745199 1.077309 0.767843 0.739396 90.000000
0.744606 1.024406 0.768338 0.767802 91.000000
0.744447 1.171409 0.768178 0.720167 92.000000
0.744544 1.123290 0.768344 0.721760 93.000000
0.744088 0.987513 0.768339 0.782500 94.000000
0.743787 0.991578 0.768588 0.775325 95.000000
0.743564 1.013134 0.768353 0.768854 96.000000
0.743318 1.016295 0.768526 0.769280 97.000000
0.743433 0.999258 0.768503 0.776962 98.000000
0.743258 1.045021 0.768482 0.750526 99.000000
0.743111 1.088509 0.768870 0.737049 100.000000
0.742728 1.061045 0.768928 0.750397 101.000000
0.742593 1.000108 0.768854 0.766882 102.000000
0.742182 1.014106 0.768975 0.766591 103.000000
0.742471 0.990174 0.769011 0.776147 104.000000
0.742058 0.975230 0.769127 0.781468 105.000000
0.742136 1.035318 0.768994 0.756405 106.000000
0.741967 1.005890 0.769094 0.771512 107.000000
0.741604 1.033226 0.769164 0.760937 108.000000
0.741561 1.052488 0.769571 0.752673 109.000000
0.741451 0.952354 0.769379 0.794756 110.000000
0.741038 1.079952 0.769480 0.744546 111.000000
0.741153 1.016087 0.769419 0.766837 112.000000
0.741037 1.026064 0.769502 0.763077 113.000000
0.740771 1.006237 0.769376 0.772182 114.000000
0.740907 1.065208 0.769629 0.745425 115.000000
0.740539 1.050916 0.769505 0.749524 116.000000
0.740285 0.991125 0.769714 0.779884 117.000000
0.740043 1.000669 0.769613 0.775725 118.000000
0.740208 0.998129 0.769716 0.778172 119.000000
0.740203 1.030421 0.769781 0.762153 120.000000
0.739855 0.997877 0.770195 0.775144 121.000000
0.739589 0.994703 0.770025 0.774422 122.000000
0.739774 1.025804 0.769689 0.763622 123.000000
0.739634 1.076243 0.770005 0.734147 124.000000
0.739429 0.985982 0.770014 0.777106 125.000000
0.739184 1.059385 0.770047 0.750171 126.000000
0.738958 1.013067 0.770337 0.770744 127.000000
0.738848 1.003025 0.770247 0.776937 128.000000
0.738956 1.088174 0.770145 0.740079 129.000000
0.738630 1.020560 0.770199 0.761763 130.000000
0.738685 0.985933 0.770431 0.781936 131.000000
0.738313 1.049635 0.770530 0.751283 132.000000
0.738115 1.043584 0.770438 0.751851 133.000000
0.738053 1.006805 0.770634 0.772267 134.000000
0.737986 0.976163 0.770383 0.786898 135.000000
0.737853 1.036963 0.770676 0.755812 136.000000
0.737557 0.992815 0.770633 0.774644 137.000000
0.737253 1.027629 0.771032 0.759712 138.000000
0.737317 1.045874 0.770862 0.762680 139.000000
0.737456 1.027557 0.770766 0.761097 140.000000
0.737598 1.025485 0.770597 0.764242 141.000000
0.737330 1.010884 0.771043 0.769654 142.000000
0.736823 1.039156 0.770994 0.761359 143.000000
0.737125 0.985561 0.770858 0.777546 144.000000
0.736726 1.035973 0.771158 0.759291 145.000000
0.736883 0.992100 0.771070 0.781503 146.000000
0.736336 0.999994 0.771118 0.768995 147.000000
0.736469 0.986325 0.771236 0.778269 148.000000
0.736615 1.021685 0.771031 0.762084 149.000000
0.736343 1.027606 0.771330 0.764414 150.000000
0.736094 0.977852 0.771265 0.781831 151.000000
0.736198 0.983998 0.771331 0.775565 152.000000
0.735692 1.027005 0.771148 0.760871 153.000000
0.736016 0.993189 0.771474 0.774482 154.000000
0.735793 0.958903 0.771283 0.791565 155.000000
0.735629 1.024974 0.771400 0.758641 156.000000
0.735558 0.991593 0.771349 0.776171 157.000000
0.735645 1.010403 0.771468 0.773342 158.000000
0.735532 1.015564 0.771409 0.760303 159.000000
0.735103 1.023502 0.771673 0.764648 160.000000
0.735135 0.995138 0.771717 0.772621 161.000000
0.735049 1.048085 0.771518 0.755134 162.000000
0.734441 1.025841 0.771799 0.761498 163.000000
0.734685 1.031757 0.771843 0.759953 164.000000
0.734524 0.994979 0.771954 0.774225 165.000000
0.734697 0.959721 0.771620 0.788805 166.000000
0.734355 1.015295 0.772002 0.765506 167.000000
0.734082 0.992122 0.771965 0.778091 168.000000
0.734167 1.021459 0.772004 0.761792 169.000000
0.734067 1.011443 0.772067 0.767587 170.000000
0.733795 1.006508 0.771974 0.765028 171.000000
0.733755 0.999507 0.772113 0.766547 172.000000
0.733860 1.001082 0.772060 0.772733 173.000000
0.733700 0.985623 0.772060 0.779204 174.000000
0.733353 1.012136 0.772163 0.771110 175.000000
0.733459 1.001659 0.772199 0.773799 176.000000
0.733320 0.977254 0.772247 0.781856 177.000000
0.732891 0.977247 0.772358 0.781274 178.000000
0.732717 0.972131 0.772453 0.784231 179.000000
0.733146 0.997460 0.772414 0.769660 180.000000
0.732864 0.991255 0.772371 0.774806 181.000000
0.733074 0.996732 0.772475 0.774993 182.000000
0.732615 1.015016 0.772472 0.767773 183.000000
0.732524 0.959948 0.772300 0.789931 184.000000
0.732379 1.034066 0.772711 0.760532 185.000000
0.732588 0.995309 0.772410 0.774855 186.000000
0.732280 1.007001 0.772645 0.769419 187.000000
0.732279 0.977638 0.772489 0.783229 188.000000
0.732188 1.006426 0.772591 0.767128 189.000000
0.732341 0.987721 0.772722 0.774672 190.000000
0.731957 0.983061 0.772767 0.779602 191.000000
0.731900 0.987317 0.772756 0.778451 192.000000
0.731797 0.985928 0.772725 0.775872 193.000000
0.731475 0.987893 0.772810 0.777727 194.000000
0.731874 0.978527 0.772687 0.780666 195.000000
0.731454 0.997491 0.772913 0.774530 196.000000
0.731317 0.990125 0.772944 0.775932 197.000000
0.731469 0.975759 0.772836 0.785169 198.000000
0.731181 0.995451 0.773057 0.774569 199.000000
0.730994 0.977341 0.772930 0.781847 200.000000
0.730795 0.972904 0.773158 0.783544 201.000000
0.731003 0.995855 0.773006 0.772618 202.000000
0.730752 0.968732 0.773393 0.786701 203.000000
0.730751 0.972602 0.773063 0.782710 204.000000
0.730502 0.993118 0.773091 0.776031 205.000000
0.730442 0.980981 0.773201 0.779870 206.000000
0.730294 0.995290 0.773297 0.775087 207.000000
0.730328 0.967500 0.773303 0.787186 208.000000
0.730384 0.984284 0.773285 0.779484 209.000000
0.730233 1.004623 0.773457 0.769919 210.000000
0.730350 0.975410 0.773200 0.777891 211.000000
0.729686 0.990246 0.773555 0.779048 212.000000
0.730181 0.981168 0.773457 0.779063 213.000000
0.730187 0.994611 0.773250 0.773534 214.000000
0.729667 0.998278 0.773418 0.768770 215.000000
0.729481 0.978094 0.773579 0.781095 216.000000
0.729724 0.985928 0.773445 0.779974 217.000000
0.729469 0.977278 0.773632 0.781482 218.000000
0.729472 0.975826 0.773531 0.782803 219.000000
0.729578 0.954752 0.773541 0.792122 220.000000
0.729441 0.989724 0.773763 0.778515 221.000000
0.729239 1.005518 0.773787 0.767515 222.000000
0.728858 1.000275 0.773672 0.772483 223.000000
0.728972 0.988993 0.773728 0.775222 224.000000
0.728900 0.975405 0.773580 0.782827 225.000000
0.729081 0.970566 0.773585 0.782693 226.000000
0.728783 0.988827 0.773913 0.774744 227.000000
0.728688 0.995253 0.773859 0.773739 228.000000
0.729060 0.971423 0.773867 0.782614 229.000000
0.728475 0.990055 0.773826 0.774756 230.000000
0.728536 0.978539 0.773863 0.780505 231.000000
0.728660 0.977890 0.773832 0.781618 232.000000
0.728712 0.963051 0.773970 0.786693 233.000000
0.728559 0.994595 0.773930 0.773143 234.000000
0.728592 0.983478 0.774004 0.777651 235.000000
0.728145 0.974789 0.774240 0.782726 236.000000
0.728001 0.986392 0.774208 0.777423 237.000000
0.728016 0.971326 0.774121 0.784943 238.000000
0.727930 0.979365 0.774072 0.781131 239.000000
0.727783 0.988781 0.774206 0.775924 240.000000
0.728030 0.964924 0.774076 0.787484 241.000000
0.727650 0.978956 0.774364 0.780216 242.000000
0.727991 0.977606 0.774026 0.780925 243.000000
0.727743 0.971545 0.774176 0.783981 244.000000
0.727872 0.979380 0.774176 0.779813 245.000000
0.727688 0.968954 0.774249 0.784152 246.000000
0.727434 0.981806 0.774150 0.778566 247.000000
0.727710 0.976339 0.774313 0.781470 248.000000
0.727292 0.978894 0.774544 0.779935 249.000000
0.727551 0.975535 0.774346 0.782100 250.000000
0.727421 0.977616 0.774166 0.780919 251.000000
0.727171 0.980584 0.774463 0.778320 252.000000
0.727177 0.966310 0.774557 0.785187 253.000000
0.726986 0.989865 0.774477 0.776204 254.000000
0.727272 0.968161 0.774422 0.784812 255.000000
0.727139 0.975182 0.774472 0.782293 256.000000
0.726849 0.968793 0.774324 0.784441 257.000000
0.727204 0.975055 0.774577 0.781865 258.000000
0.727067 0.975545 0.774465 0.782433 259.000000
0.727286 0.982880 0.774504 0.778040 260.000000
0.726936 0.979708 0.774534 0.780156 261.000000
0.727029 0.974413 0.774618 0.782777 262.000000
0.727017 0.975199 0.774381 0.781673 263.000000
0.726736 0.974865 0.774735 0.781628 264.000000
0.726949 0.971124 0.774475 0.783890 265.000000
0.726847 0.974634 0.774434 0.781925 266.000000
0.726955 0.976981 0.774398 0.781007 267.000000
0.726601 0.976858 0.774533 0.780697 268.000000
0.726794 0.981847 0.774497 0.778578 269.000000
0.726660 0.973697 0.774520 0.782334 270.000000
0.726821 0.976721 0.774567 0.781852 271.000000
0.726665 0.978325 0.774682 0.780676 272.000000
0.727084 0.973432 0.774456 0.782572 273.000000
0.726646 0.977524 0.774637 0.780745 274.000000
0.726662 0.972628 0.774649 0.782997 275.000000
0.726620 0.975396 0.774612 0.781949 276.000000
0.726563 0.971152 0.774627 0.783860 277.000000
0.726511 0.975414 0.774580 0.781807 278.000000
0.726338 0.977707 0.774618 0.780305 279.000000
0.726412 0.972928 0.774726 0.782485 280.000000
0.726607 0.974475 0.774645 0.782425 281.000000
0.726295 0.974642 0.774736 0.781941 282.000000
0.726383 0.975372 0.774637 0.781602 283.000000
0.726509 0.976241 0.774707 0.781432 284.000000
0.726191 0.974129 0.774861 0.782290 285.000000
0.726606 0.974010 0.774844 0.782192 286.000000
0.726215 0.974756 0.774719 0.781968 287.000000
0.726083 0.973366 0.774829 0.782773 288.000000
0.726414 0.974391 0.774723 0.782248 289.000000
0.726342 0.974898 0.774716 0.781953 290.000000
0.726443 0.974356 0.774837 0.782132 291.000000
0.726481 0.973693 0.774780 0.782523 292.000000
0.725998 0.974191 0.774910 0.782250 293.000000
0.726240 0.974336 0.774808 0.782247 294.000000
0.726408 0.974370 0.774663 0.782223 295.000000
0.726236 0.974267 0.774834 0.782193 296.000000
0.726514 0.974339 0.774869 0.782165 297.000000
0.726406 0.974053 0.774748 0.782385 298.000000
0.726442 0.974353 0.774811 0.782199 299.000000
