1.462606 2.117997 0.408707 0.330217 0.000000
1.029301 1.500675 0.632547 0.507621 1.000000
0.951104 1.459101 0.670517 0.516565 2.000000
0.915552 1.359342 0.688508 0.602707 3.000000
0.892736 1.138262 0.700164 0.717915 4.000000
0.875807 1.167977 0.708637 0.707258 5.000000
0.862030 1.183889 0.715592 0.715069 6.000000
0.850892 1.174345 0.721092 0.693088 7.000000
0.841780 1.121795 0.725757 0.718009 8.000000
0.833529 1.225893 0.729606 0.668531 9.000000
0.826792 1.070530 0.732812 0.744456 10.000000
0.820829 1.303118 0.735842 0.636662 11.000000
0.815539 1.130575 0.738011 0.725325 12.000000
0.811051 1.108788 0.740153 0.727787 13.000000
0.806664 1.092837 0.742285 0.739923 14.000000
0.803057 1.079040 0.743906 0.753308 15.000000
0.799329 1.483107 0.745696 0.568970 16.000000
0.796157 1.338726 0.746712 0.579441 17.000000
0.793041 1.048195 0.748373 0.760150 18.000000
0.790576 1.134136 0.749348 0.721164 19.000000
0.788264 1.266461 0.749992 0.695728 20.000000
0.786052 1.138720 0.751296 0.732964 21.000000
0.783819 1.111373 0.752278 0.736278 22.000000
0.781933 1.189749 0.752721 0.681812 23.000000
0.779934 1.323153 0.753873 0.604819 24.000000
0.778405 1.125641 0.754345 0.734979 25.000000
0.776977 1.637747 0.754951 0.531618 26.000000
0.775268 1.123043 0.755675 0.728365 27.000000
0.774320 1.280411 0.756017 0.684103 28.000000
0.773008 1.136251 0.756584 0.729181 29.000000
0.771430 1.078186 0.757004 0.749328 30.000000
0.770609 1.163329 0.757599 0.713993 31.000000
0.768790 1.323737 0.758004 0.652918 32.000000
0.767781 1.084149 0.758432 0.746415 33.000000
0.766632 1.093698 0.759374 0.742300 34.000000
0.765600 1.127427 0.759722 0.720913 35.000000
0.764825 1.214440 0.760142 0.684139 36.000000
0.763824 1.112397 0.760336 0.719571 37.000000
0.762927 1.175661 0.760662 0.696670 38.000000
0.762198 1.254258 0.761046 0.664913 39.000000
0.761296 1.071021 0.761299 0.745820 40.000000
0.760298 1.122285 0.761470 0.725973 41.000000
0.760181 1.033582 0.761939 0.765003 42.000000
0.759220 1.193925 0.762158 0.700297 43.000000
0.759025 1.088070 0.762321 0.746274 44.000000
0.758052 1.045944 0.762710 0.758217 45.000000
0.757560 1.106819 0.762719 0.741134 46.000000
0.757322 1.019318 0.763019 0.769316 47.000000
0.756208 1.070298 0.763241 0.743141 48.000000
0.756379 1.077279 0.763282 0.746692 49.000000
0.755331 1.167936 0.763874 0.704185 50.000000
0.755482 1.044924 0.763487 0.753775 51.000000
0.754811 1.023179 0.763899 0.765611 52.000000
0.754542 1.067861 0.764075 0.750466 53.000000
0.753947 1.104611 0.764312 0.729943 54.000000
0.753600 1.104163 0.764406 0.735228 55.000000
0.753503 1.098661 0.764376 0.741648 56.000000
0.753156 1.136184 0.764661 0.717894 57.000000
0.752868 1.080701 0.764631 0.742572 58.000000
0.752222 0.972037 0.764898 0.785678 59.000000
0.751952 1.018794 0.765082 0.762764 60.000000
0.751559 1.053782 0.765146 0.758978 61.000000
0.751558 1.071082 0.765033 0.749161 62.000000
0.751243 1.076730 0.765238 0.742553 63.000000
0.751045 1.093583 0.765506 0.731764 64.000000
0.750511 1.111878 0.765832 0.729388 65.000000
0.750117 1.022090 0.765758 0.765131 66.000000
0.750079 1.048695 0.765809 0.746779 67.000000
0.750090 1.091710 0.765973 0.744149 68.000000
0.749761 1.021921 0.765710 0.767809 69.000000
0.749490 0.993286 0.766106 0.778466 70.000000
0.749250 1.095172 0.766039 0.740547 71.000000
0.749025 1.084727 0.766254 0.739593 72.000000
0.748952 1.076334 0.766256 0.742482 73.000000
0.748503 1.230150 0.766481 0.705040 74.000000
0.748202 1.053716 0.766530 0.750970 75.000000
0.748112 1.051390 0.766400 0.758922 76.000000
0.748093 1.018162 0.766632 0.767032 77.000000
0.747753 1.054521 0.766742 0.743541 78.000000
0.747757 1.018911 0.766797 0.766196 79.000000
0.747110 1.040024 0.767025 0.752161 80.000000
0.747040 1.053774 0.766951 0.752116 81.000000
0.746935 1.024910 0.767027 0.764574 82.000000
0.747052 1.081450 0.766860 0.732344 83.000000
0.746720 1.055868 0.767222 0.747069 84.000000
0.746678 1.131171 0.767194 0.718011 85.000000
0.746112 1.010235 0.767315 0.772448 86.000000
0.745961 1.047871 0.767397 0.756431 87.000000
0.745662 0.985507 0.767515 0.779360 88.000000
0.745570 1.043529 0.767560 0.757768 89.000000
0.745542 1.071268 0.767627 0.749182 90.000000
0.744977 1.015138 0.767692 0.766723 91.000000
0.745188 0.985431 0.767626 0.775252 92.000000
0.744845 1.014143 0.767960 0.765179 93.000000
0.744891 1.073941 0.767740 0.743026 94.000000
0.744748 0.992704 0.768025 0.776814 95.000000
0.744596 0.968879 0.767948 0.791444 96.000000
0.744407 1.014565 0.768217 0.764445 97.000000
0.744169 0.983085 0.768038 0.782579 98.000000
0.743994 1.045625 0.768248 0.755884 99.000000
0.743965 1.015774 0.768095 0.767619 100.000000
0.743556 1.045523 0.768389 0.757215 101.000000
0.743722 1.091007 0.768274 0.738792 102.000000
0.743588 1.047094 0.768577 0.756345 103.000000
0.743155 1.035466 0.768553 0.754746 104.000000
0.742620 1.048470 0.768640 0.760472 105.000000
0.742895 1.040540 0.768669 0.763589 106.000000
0.742718 1.011226 0.768521 0.771414 107.000000
0.742871 1.043479 0.768612 0.755760 108.000000
0.742410 1.021106 0.768890 0.759608 109.000000
0.742457 1.018284 0.768958 0.763938 110.000000
0.742051 0.987757 0.768945 0.779472 111.000000
0.742241 1.030737 0.768913 0.762621 112.000000
0.741976 1.134866 0.769008 0.717650 113.000000
0.741880 1.005291 0.769016 0.770659 114.000000
0.741940 0.991036 0.768819 0.770527 115.000000
0.741710 0.989083 0.769279 0.776498 116.000000
0.741171 1.047425 0.769235 0.755421 117.000000
0.741506 1.072553 0.769332 0.756174 118.000000
0.741277 1.026985 0.769241 0.764425 119.000000
0.741023 1.030987 0.769361 0.762948 120.000000
0.740661 1.017397 0.769495 0.763478 121.000000
0.740891 0.986846 0.769479 0.777248 122.000000
0.740493 1.057501 0.769728 0.750171 123.000000
0.741001 1.035205 0.769662 0.758310 124.000000
0.740157 1.018315 0.769694 0.763954 125.000000
0.740460 1.037988 0.769574 0.757488 126.000000
0.740391 1.067322 0.769680 0.734991 127.000000
0.740291 0.994784 0.769776 0.777299 128.000000
0.740251 0.989430 0.769735 0.776899 129.000000
0.740109 1.022064 0.769921 0.763098 130.000000
0.739613 1.044837 0.770033 0.751110 131.000000
0.739519 1.075245 0.770047 0.729241 132.000000
0.739515 1.004315 0.770016 0.773838 133.000000
0.739116 1.059578 0.769929 0.740166 134.000000
0.738994 1.036769 0.770175 0.757113 135.000000
0.738894 0.982098 0.770223 0.781801 136.000000
0.739317 1.046393 0.770041 0.760690 137.000000
0.738763 1.018547 0.770322 0.767057 138.000000
0.738778 1.004732 0.770199 0.771635 139.000000
0.738483 1.036453 0.770339 0.759728 140.000000
0.738182 1.040676 0.770320 0.752844 141.000000
0.738944 0.965564 0.770266 0.788224 142.000000
0.738554 1.015167 0.770489 0.767809 143.000000
0.738330 0.982537 0.770336 0.780669 144.000000
0.738295 0.995116 0.770521 0.775361 145.000000
0.738257 0.996472 0.770418 0.777745 146.000000
0.737972 1.058256 0.770807 0.751242 147.000000
0.737789 0.992999 0.770746 0.774810 148.000000
0.737610 0.979976 0.770470 0.783117 149.000000
0.737783 0.987461 0.770742 0.778454 150.000000
0.737546 0.989531 0.770653 0.775439 151.000000
0.737319 1.023797 0.770826 0.764401 152.000000
0.736778 0.975592 0.771040 0.783881 153.000000
0.737432 1.007810 0.770793 0.768339 154.000000
0.736804 1.051780 0.770943 0.736687 155.000000
0.736771 0.993018 0.771127 0.776279 156.000000
0.736798 1.015107 0.771016 0.765384 157.000000
0.736352 1.002442 0.771073 0.775986 158.000000
0.736743 0.989203 0.771161 0.781283 159.000000
0.736431 1.011136 0.771153 0.771104 160.000000
0.736113 1.032347 0.771400 0.761739 161.000000
0.736261 0.979635 0.771304 0.783000 162.000000
0.736240 0.994864 0.771202 0.777855 163.000000
0.735968 1.035649 0.771271 0.757244 164.000000
0.735646 1.014536 0.771595 0.768312 165.000000
0.735259 1.013965 0.771534 0.766314 166.000000
0.735766 0.999350 0.771351 0.767987 167.000000
0.735636 1.003261 0.771434 0.770271 168.000000
0.735358 1.007946 0.771515 0.770316 169.000000
0.735430 1.001891 0.771670 0.775093 170.000000
0.734988 0.977281 0.771633 0.783333 171.000000
0.735373 0.981303 0.771571 0.779658 172.000000
0.734979 1.002457 0.771601 0.770262 173.000000
0.734623 0.996943 0.771800 0.772168 174.000000
0.734641 0.995541 0.771739 0.772851 175.000000
0.734816 1.023754 0.771680 0.762867 176.000000
0.734173 1.014398 0.771874 0.763177 177.000000
0.734415 1.001978 0.771693 0.771810 178.000000
0.734510 1.013887 0.772040 0.768007 179.000000
0.733851 0.986576 0.771896 0.779950 180.000000
0.733925 0.972718 0.772008 0.785248 181.000000
0.733903 0.966628 0.772006 0.786626 182.000000
0.734007 0.971901 0.772105 0.783372 183.000000
0.733692 0.960288 0.772090 0.791827 184.000000
0.733818 0.961074 0.772141 0.787685 185.000000
0.733683 1.018190 0.772220 0.767649 186.000000
0.733544 1.010962 0.772066 0.769823 187.000000
0.733248 0.979221 0.772176 0.781796 188.000000
0.733238 1.043952 0.772223 0.754614 189.000000
0.732786 0.986112 0.772402 0.778310 190.000000
0.733137 0.994981 0.772209 0.773360 191.000000
0.732668 0.995441 0.772456 0.774304 192.000000
0.732817 0.982768 0.772448 0.782223 193.000000
0.732610 0.982785 0.772520 0.778600 194.000000
0.732732 0.997439 0.772575 0.773399 195.000000
0.732272 0.973807 0.772811 0.784243 196.000000
0.732296 0.984262 0.772673 0.779279 197.000000
0.732361 0.991261 0.772644 0.776878 198.000000
0.732673 1.019565 0.772572 0.764809 199.000000
0.732349 1.008058 0.772396 0.770322 200.000000
0.732062 0.987988 0.772684 0.777375 201.000000
0.731863 1.006823 0.772820 0.771168 202.000000
0.731858 0.993997 0.772613 0.773617 203.000000
0.731781 0.966266 0.772893 0.785688 204.000000
0.731749 0.977254 0.772871 0.782232 205.000000
0.731470 0.988525 0.772831 0.776739 206.000000
0.731387 0.980047 0.772818 0.779795 207.000000
0.731301 0.973675 0.773014 0.783620 208.000000
0.731193 0.980052 0.773101 0.779515 209.000000
0.731589 0.981094 0.772908 0.777819 210.000000
0.731279 0.989230 0.772895 0.776451 211.000000
0.731300 0.972073 0.773036 0.784369 212.000000
0.730896 0.979344 0.773217 0.781587 213.000000
0.731178 0.985868 0.773003 0.777632 214.000000
0.730729 0.966637 0.773164 0.784887 215.000000
0.730688 0.966158 0.773355 0.784866 216.000000
0.730599 0.987603 0.773236 0.775488 217.000000
0.730683 1.007240 0.773295 0.769787 218.000000
0.730519 0.978036 0.773194 0.779388 219.000000
0.730635 0.977303 0.773082 0.784474 220.000000
0.730561 0.972925 0.773204 0.781995 221.000000
0.730409 0.978044 0.773098 0.779271 222.000000
0.730597 0.999223 0.773186 0.773137 223.000000
0.730276 0.987485 0.773197 0.777633 224.000000
0.730088 0.987137 0.773259 0.778108 225.000000
0.729915 0.976927 0.773326 0.782644 226.000000
0.730118 0.978030 0.773255 0.781840 227.000000
0.729887 0.982152 0.773481 0.780651 228.000000
0.729728 0.973446 0.773366 0.780883 229.000000
0.729499 0.971189 0.773681 0.785031 230.000000
0.729484 0.981940 0.773381 0.779158 231.000000
0.729563 0.979901 0.773719 0.777940 232.000000
0.729600 0.975036 0.773651 0.781876 233.000000
0.729647 0.970244 0.773796 0.784678 234.000000
0.729610 0.979144 0.773522 0.779772 235.000000
0.729414 0.972601 0.773559 0.783719 236.000000
0.729474 0.979649 0.773796 0.780607 237.000000
0.729102 0.980265 0.773705 0.778747 238.000000
0.729280 0.981969 0.773731 0.781116 239.000000
0.728908 0.985568 0.773868 0.777693 240.000000
0.729104 0.970149 0.773652 0.784197 241.000000
0.728972 0.991391 0.773777 0.774560 242.000000
0.728886 0.984329 0.773948 0.778934 243.000000
0.728804 0.977026 0.773873 0.781395 244.000000
0.729044 0.991917 0.773603 0.775541 245.000000
0.728807 0.968782 0.773937 0.782866 246.000000
0.728642 0.982034 0.773871 0.779459 247.000000
0.728690 0.982074 0.773803 0.778307 248.000000
0.728574 0.982298 0.773804 0.777730 249.000000
0.728591 0.989188 0.773883 0.776739 250.000000
0.728826 0.976536 0.773889 0.781753 251.000000
0.728510 0.967805 0.774161 0.785575 252.000000
0.728319 0.969303 0.773892 0.784859 253.000000
0.728714 0.985891 0.774180 0.777287 254.000000
0.728406 0.975111 0.774021 0.781398 255.000000
0.728293 0.979098 0.773898 0.780737 256.000000
0.728333 0.978504 0.774139 0.779999 257.000000
0.728490 0.972510 0.773809 0.782551 258.000000
0.728088 0.965057 0.774125 0.786738 259.000000
0.728263 0.979763 0.774086 0.780147 260.000000
0.728586 0.982866 0.773960 0.777925 261.000000
0.727933 0.973597 0.774106 0.782247 262.000000
0.727744 0.981018 0.774362 0.780097 263.000000
0.727862 0.977035 0.774112 0.780540 264.000000
0.727997 0.975389 0.774213 0.782094 265.000000
0.728056 0.977302 0.774139 0.781024 266.000000
0.727921 0.980729 0.774040 0.780267 267.000000
0.727771 0.977439 0.774086 0.780625 268.000000
0.728019 0.976991 0.774005 0.781593 269.000000
0.727800 0.977533 0.774236 0.780976 270.000000
0.727389 0.978909 0.774360 0.780095 271.000000
0.727416 0.976902 0.774317 0.781356 272.000000
0.727603 0.976638 0.774276 0.781443 273.000000
0.727712 0.978269 0.774311 0.780353 274.000000
0.727743 0.976396 0.774257 0.781357 275.000000
0.727983 0.976009 0.774147 0.781706 276.000000
0.727732 0.975126 0.774270 0.781862 277.000000
0.727559 0.979428 0.774229 0.780299 278.000000
0.727506 0.977182 0.774175 0.781596 279.000000
0.727761 0.979044 0.774191 0.780691 280.000000
0.727619 0.976398 0.774221 0.781444 281.000000
0.727589 0.978164 0.774314 0.781065 282.000000
0.727552 0.979382 0.774190 0.780436 283.000000
0.727674 0.977406 0.774135 0.781473 284.000000
0.727307 0.975062 0.774306 0.782239 285.000000
0.727719 0.976700 0.774216 0.781444 286.000000
0.727618 0.976340 0.774353 0.781507 287.000000
0.727681 0.976784 0.774299 0.781275 288.000000
0.727615 0.977119 0.774040 0.781365 289.000000
0.727659 0.976632 0.774260 0.781444 290.000000
0.727354 0.975923 0.774144 0.781712 291.000000
0.727126 0.976139 0.774310 0.781626 292.000000
0.727314 0.976658 0.774342 0.781492 293.000000
0.727485 0.975760 0.774196 0.781844 294.000000
0.727442 0.976087 0.774198 0.781684 295.000000
0.727504 0.976201 0.774356 0.781661 296.000000
0.727328 0.976363 0.774362 0.781557 297.000000
0.727568 0.976051 0.774431 0.781735 298.000000
0.727477 0.976161 0.774339 0.781658 299.000000
