1.496360 1.721402 0.305894 0.384024 0.000000
1.032843 1.427563 0.623849 0.592912 1.000000
0.950771 1.227231 0.668187 0.667463 2.000000
0.914622 1.138861 0.688014 0.720520 3.000000
0.891194 1.552575 0.700389 0.530080 4.000000
0.873532 1.191552 0.709436 0.695899 5.000000
0.859627 1.093301 0.716061 0.745417 6.000000
0.848142 1.432132 0.721673 0.575931 7.000000
0.838877 1.222518 0.726104 0.675890 8.000000
0.830897 1.204713 0.730155 0.678983 9.000000
0.824153 1.085729 0.733137 0.748029 10.000000
0.818612 1.144868 0.736164 0.700789 11.000000
0.813760 1.115128 0.738497 0.725066 12.000000
0.809284 1.155873 0.740574 0.700416 13.000000
0.805405 1.108288 0.742339 0.734156 14.000000
0.801447 1.125062 0.744241 0.727960 15.000000
0.798087 1.109657 0.745810 0.732856 16.000000
0.795440 1.467898 0.746943 0.587937 17.000000
0.792629 1.074015 0.747937 0.752327 18.000000
0.789807 1.229930 0.749310 0.677783 19.000000
0.787825 1.363177 0.750198 0.614844 20.000000
0.785422 1.084166 0.751450 0.755740 21.000000
0.783185 1.373975 0.752018 0.577436 22.000000
0.781284 1.116228 0.752633 0.731119 23.000000
0.779651 1.198680 0.753329 0.701930 24.000000
0.777799 1.226540 0.754230 0.690816 25.000000
0.776830 1.112451 0.754670 0.724300 26.000000
0.775232 1.044861 0.755406 0.761313 27.000000
0.773597 1.088572 0.755804 0.736465 28.000000
0.772442 1.047140 0.756536 0.760573 29.000000
0.771222 1.059631 0.757025 0.755174 30.000000
0.769347 1.025151 0.757697 0.766031 31.000000
0.768154 1.046225 0.758117 0.758795 32.000000
0.767030 1.306900 0.758793 0.655044 33.000000
0.766303 1.011549 0.758751 0.773128 34.000000
0.764954 1.170136 0.759331 0.713439 35.000000
0.763808 1.349091 0.759768 0.689484 36.000000
0.763110 1.092699 0.760142 0.746773 37.000000
0.762040 1.106290 0.761026 0.721886 38.000000
0.760911 1.138932 0.761094 0.730082 39.000000
0.760171 0.992886 0.761335 0.783626 40.000000
0.759533 1.102416 0.761653 0.727742 41.000000
0.758765 1.033009 0.761957 0.768532 42.000000
0.758340 1.036336 0.762156 0.759009 43.000000
0.757643 1.085744 0.762539 0.731444 44.000000
0.757363 1.025468 0.762802 0.769070 45.000000
0.756249 1.020203 0.763045 0.763394 46.000000
0.755818 1.052819 0.763358 0.755403 47.000000
0.755602 1.111460 0.763191 0.748022 48.000000
0.755083 1.061468 0.763368 0.751569 49.000000
0.754624 1.060887 0.763977 0.749055 50.000000
0.754501 1.200352 0.763866 0.708556 51.000000
0.753581 1.020018 0.764240 0.770061 52.000000
0.752814 0.988738 0.764419 0.783137 53.000000
0.752715 0.981438 0.764486 0.780291 54.000000
0.752639 1.055341 0.764437 0.755164 55.000000
0.752352 0.998155 0.764506 0.776968 56.000000
0.751526 1.081719 0.764950 0.739956 57.000000
0.751217 1.089791 0.765032 0.739562 58.000000
0.751100 1.001779 0.765133 0.770791 59.000000
0.750249 1.009459 0.765419 0.771936 60.000000
0.750842 1.006828 0.765364 0.772616 61.000000
0.750405 1.039306 0.765505 0.751984 62.000000
0.749855 1.042631 0.765815 0.761166 63.000000
0.749641 0.992273 0.765865 0.778370 64.000000
0.749304 1.040656 0.765876 0.758568 65.000000
0.749083 0.991587 0.765997 0.784279 66.000000
0.748659 1.048088 0.766303 0.763521 67.000000
0.748518 1.038189 0.766306 0.756426 68.000000
0.748431 1.021344 0.766586 0.765187 69.000000
0.748227 1.009013 0.766537 0.768410 70.000000
0.748063 0.985338 0.766555 0.777627 71.000000
0.747387 1.012652 0.766785 0.770687 72.000000
0.747693 1.153611 0.766583 0.711892 73.000000
0.747637 1.049168 0.766544 0.755944 74.000000
0.747853 1.007726 0.766593 0.771914 75.000000
0.747316 1.087932 0.766846 0.739936 76.000000
0.747000 1.034603 0.767044 0.762795 77.000000
0.746272 0.989664 0.767198 0.783038 78.000000
0.746124 1.045841 0.767306 0.755611 79.000000
0.746372 1.014813 0.767166 0.771559 80.000000
0.745969 1.188954 0.767332 0.698680 81.000000
0.745838 1.015705 0.767329 0.769140 82.000000
0.745606 1.012986 0.767512 0.769564 83.000000
0.745406 1.016629 0.767697 0.771975 84.000000
0.745582 1.031276 0.767756 0.762407 85.000000
0.745308 1.056003 0.767654 0.752465 86.000000
0.745029 1.013538 0.767735 0.770689 87.000000
0.744918 1.042537 0.767734 0.752345 88.000000
0.744855 1.012431 0.768043 0.765164 89.000000
0.744842 1.005449 0.767792 0.774508 90.000000
0.744073 1.025746 0.768159 0.766689 91.000000
0.744009 1.056850 0.768098 0.757984 92.000000
0.743812 1.087268 0.768271 0.747890 93.000000
0.743645 1.011463 0.768212 0.771793 94.000000
0.743844 1.000808 0.768140 0.770171 95.000000
0.743600 0.999415 0.768496 0.766948 96.000000
0.743439 1.027001 0.768387 0.759423 97.000000
0.743183 1.032901 0.768757 0.763357 98.000000
0.743262 1.043804 0.768536 0.752982 99.000000
0.743444 1.007795 0.768342 0.775129 100.000000
0.743126 1.008571 0.768695 0.773229 101.000000
0.742623 1.106956 0.768772 0.714726 102.000000
0.742586 0.975826 0.768787 0.786204 103.000000
0.742555 1.025659 0.768716 0.763051 104.000000
0.741973 0.994880 0.769150 0.779086 105.000000
0.742507 1.054443 0.768754 0.753031 106.000000
0.741834 1.021380 0.768875 0.763740 107.000000
0.741887 1.007367 0.769030 0.774840 108.000000
0.742010 0.985852 0.769055 0.781597 109.000000
0.741547 1.020478 0.769013 0.761792 110.000000
0.741515 0.979034 0.769216 0.784511 111.000000
0.741823 0.988499 0.769349 0.777293 112.000000
0.741182 0.978404 0.769223 0.784302 113.000000
0.741264 1.020505 0.769095 0.764902 114.000000
0.741405 1.003950 0.769343 0.771207 115.000000
0.740949 0.993095 0.769407 0.777921 116.000000
0.740922 1.000255 0.769599 0.773991 117.000000
0.740671 0.992976 0.769683 0.775819 118.000000
0.740680 1.072333 0.769527 0.745612 119.000000
0.740424 1.050258 0.770045 0.756192 120.000000
0.740286 1.016069 0.769695 0.768507 121.000000
0.740260 1.022273 0.769520 0.760746 122.000000
0.740194 1.037440 0.769821 0.760859 123.000000
0.740269 1.010916 0.769776 0.768098 124.000000
0.739841 1.053763 0.769762 0.753319 125.000000
0.739775 0.993061 0.769958 0.779090 126.000000
0.739714 1.041472 0.769834 0.755980 127.000000
0.739352 0.992640 0.770117 0.777862 128.000000
0.739026 1.028208 0.770048 0.766373 129.000000
0.739228 1.020083 0.770172 0.767309 130.000000
0.738917 0.992872 0.770147 0.777867 131.000000
0.738772 0.999692 0.770353 0.773426 132.000000
0.739016 1.033000 0.770384 0.757139 133.000000
0.738747 1.002284 0.770361 0.773591 134.000000
0.738841 1.048342 0.770565 0.757684 135.000000
0.738744 1.039415 0.770266 0.756609 136.000000
0.738506 1.050818 0.770442 0.752321 137.000000
0.738446 0.991672 0.770364 0.777629 138.000000
0.738348 0.997405 0.770496 0.773961 139.000000
0.738173 1.015538 0.770528 0.770714 140.000000
0.738021 1.012221 0.770421 0.769774 141.000000
0.737883 1.028260 0.770621 0.765727 142.000000
0.737633 0.957741 0.770596 0.792719 143.000000
0.737890 0.984790 0.770544 0.781606 144.000000
0.737595 0.975071 0.770830 0.784186 145.000000
0.737503 0.994393 0.770881 0.777242 146.000000
0.737545 0.989382 0.770842 0.773762 147.000000
0.737545 0.991614 0.770740 0.772085 148.000000
0.736869 1.041425 0.770906 0.752357 149.000000
0.737292 0.984309 0.771052 0.778940 150.000000
0.737069 1.009256 0.770956 0.766385 151.000000
0.736900 1.027392 0.770819 0.764773 152.000000
0.736788 0.977462 0.770966 0.784528 153.000000
0.736412 0.999613 0.771165 0.772669 154.000000
0.736559 1.002994 0.771240 0.773840 155.000000
0.736486 0.996442 0.770965 0.773861 156.000000
0.736131 0.984435 0.771362 0.780153 157.000000
0.736569 1.013197 0.771349 0.768859 158.000000
0.736287 1.001938 0.771296 0.771551 159.000000
0.735910 0.987194 0.771424 0.779969 160.000000
0.736415 1.056965 0.771060 0.745904 161.000000
0.735889 1.012162 0.771444 0.768201 162.000000
0.735962 0.987689 0.771528 0.782889 163.000000
0.735301 0.980733 0.771581 0.780270 164.000000
0.735526 1.012915 0.771532 0.767448 165.000000
0.735552 0.986548 0.771441 0.780675 166.000000
0.735053 0.995349 0.771715 0.774943 167.000000
0.734812 1.026612 0.771966 0.762478 168.000000
0.735079 1.019184 0.771711 0.765009 169.000000
0.735086 0.990342 0.771778 0.776919 170.000000
0.734926 0.994272 0.771902 0.776016 171.000000
0.734706 1.001332 0.771788 0.772407 172.000000
0.734653 0.991300 0.772119 0.776407 173.000000
0.734415 0.980153 0.771953 0.778870 174.000000
0.734350 0.991773 0.771941 0.775345 175.000000
0.734048 0.987390 0.771949 0.782886 176.000000
0.734146 0.974642 0.771995 0.782556 177.000000
0.733871 1.003735 0.772088 0.771466 178.000000
0.733803 0.989394 0.772270 0.776760 179.000000
0.733750 0.968544 0.772145 0.786698 180.000000
0.734127 0.995915 0.772096 0.774467 181.000000
0.733749 1.003995 0.772142 0.770849 182.000000
0.733681 0.979688 0.772255 0.780715 183.000000
0.733612 0.959973 0.772476 0.790233 184.000000
0.733425 0.988000 0.772295 0.780245 185.000000
0.733140 0.999643 0.772398 0.771917 186.000000
0.733121 0.992141 0.772438 0.773503 187.000000
0.733451 0.977776 0.772357 0.783167 188.000000
0.733157 0.987532 0.772243 0.778958 189.000000
0.732755 0.985171 0.772361 0.779484 190.000000
0.732785 0.980026 0.772509 0.778609 191.000000
0.732551 0.974866 0.772617 0.782317 192.000000
0.732629 0.982688 0.772571 0.779929 193.000000
0.732273 1.002249 0.772567 0.772661 194.000000
0.732267 0.995968 0.772610 0.773986 195.000000
0.732350 0.986410 0.772580 0.777921 196.000000
0.732181 0.978953 0.772709 0.781575 197.000000
0.732040 0.993723 0.772631 0.773744 198.000000
0.732168 0.977425 0.772749 0.781654 199.000000
0.732083 1.002019 0.772605 0.774198 200.000000
0.732116 0.965600 0.772899 0.786355 201.000000
0.731785 1.002813 0.772930 0.769846 202.000000
0.731770 1.005810 0.772950 0.770368 203.000000
0.731506 0.956728 0.772862 0.789464 204.000000
0.731582 0.983843 0.772894 0.779220 205.000000
0.731585 1.015123 0.772967 0.767460 206.000000
0.731370 0.977367 0.772872 0.781128 207.000000
0.731411 1.004347 0.773134 0.773672 208.000000
0.731402 0.986615 0.772926 0.781062 209.000000
0.731252 0.980944 0.773103 0.780462 210.000000
0.730936 0.967136 0.773332 0.786874 211.000000
0.731198 0.978531 0.773178 0.783175 212.000000
0.731106 0.985390 0.772924 0.776538 213.000000
0.730718 0.962194 0.773123 0.787761 214.000000
0.730756 1.036720 0.773208 0.756064 215.000000
0.730922 0.981121 0.773284 0.780234 216.000000
0.731056 0.969017 0.773032 0.783962 217.000000
0.730622 0.983991 0.773363 0.777058 218.000000
0.730402 0.990612 0.773316 0.776324 219.000000
0.730325 0.991210 0.773372 0.773314 220.000000
0.730017 0.981600 0.773373 0.779795 221.000000
0.730206 0.981736 0.773579 0.778930 222.000000
0.730159 0.977394 0.773263 0.779839 223.000000
0.729828 0.984470 0.773625 0.777765 224.000000
0.730059 0.986890 0.773401 0.775956 225.000000
0.729959 0.966767 0.773507 0.786253 226.000000
0.729933 0.997384 0.773446 0.773280 227.000000
0.729767 0.977784 0.773740 0.780941 228.000000
0.729846 0.983248 0.773709 0.779196 229.000000
0.730065 0.989035 0.773669 0.778066 230.000000
0.729727 0.972262 0.773642 0.782431 231.000000
0.729511 0.974770 0.773784 0.783051 232.000000
0.729644 0.973673 0.773663 0.784877 233.000000
0.729531 0.977003 0.773863 0.779697 234.000000
0.729592 0.978340 0.773724 0.779506 235.000000
0.729452 0.988473 0.773516 0.778219 236.000000
0.729234 0.997996 0.773801 0.772171 237.000000
0.729398 0.975104 0.773710 0.782852 238.000000
0.729015 0.987886 0.773826 0.776050 239.000000
0.729072 0.974875 0.773891 0.781626 240.000000
0.729074 0.973514 0.773952 0.782084 241.000000
0.728928 0.983092 0.773798 0.780222 242.000000
0.729007 0.976562 0.773898 0.779975 243.000000
0.728431 0.992243 0.773979 0.774307 244.000000
0.729259 0.980611 0.773806 0.779986 245.000000
0.728753 0.984165 0.774102 0.779298 246.000000
0.728993 0.984245 0.773871 0.778329 247.000000
0.728549 0.984696 0.774037 0.778561 248.000000
0.728583 0.994433 0.773990 0.774431 249.000000
0.728677 0.979562 0.773835 0.780144 250.000000
0.728759 0.985720 0.773956 0.778217 251.000000
0.728699 0.976517 0.774157 0.781632 252.000000
0.728504 0.970776 0.773958 0.784326 253.000000
0.728478 0.980260 0.774150 0.779589 254.000000
0.728047 0.966732 0.774143 0.786407 255.000000
0.728327 0.971360 0.774104 0.783593 256.000000
0.728030 0.971788 0.774321 0.783749 257.000000
0.728215 0.979312 0.774172 0.780309 258.000000
0.728307 0.987578 0.774119 0.777422 259.000000
0.728278 0.977322 0.774193 0.781230 260.000000
0.728331 0.977436 0.774008 0.781080 261.000000
0.728100 0.984602 0.774260 0.778003 262.000000
0.727813 0.984947 0.774368 0.777561 263.000000
0.728290 0.980326 0.774155 0.779724 264.000000
0.727735 0.978253 0.774239 0.780890 265.000000
0.727881 0.980950 0.774227 0.780162 266.000000
0.727655 0.977449 0.774376 0.781351 267.000000
0.727689 0.978164 0.774449 0.780866 268.000000
0.727848 0.976791 0.774337 0.781775 269.000000
0.727643 0.980703 0.774323 0.779954 270.000000
0.727637 0.976199 0.774157 0.781730 271.000000
0.727721 0.972269 0.774426 0.783494 272.000000
0.727921 0.976207 0.774206 0.781979 273.000000
0.727505 0.974924 0.774456 0.782515 274.000000
0.727681 0.980250 0.774510 0.780170 275.000000
0.727367 0.978772 0.774291 0.780522 276.000000
0.727415 0.975303 0.774471 0.782141 277.000000
0.727667 0.976295 0.774389 0.781760 278.000000
0.727780 0.975678 0.774157 0.782016 279.000000
0.727566 0.978150 0.774324 0.780863 280.000000
0.727642 0.977849 0.774189 0.781082 281.000000
0.727677 0.976196 0.774371 0.781754 282.000000
0.727629 0.976664 0.774425 0.781555 283.000000
0.727724 0.977491 0.774382 0.781366 284.000000
0.727460 0.975563 0.774475 0.781909 285.000000
0.727355 0.974845 0.774269 0.782395 286.000000
0.727536 0.976386 0.774431 0.781620 287.000000
0.727609 0.977033 0.774216 0.781444 288.000000
0.727506 0.976302 0.774527 0.781596 289.000000
0.727512 0.976881 0.774503 0.781378 290.000000
0.727569 0.976006 0.774554 0.781903 291.000000
0.727483 0.976250 0.774288 0.781790 292.000000
0.727400 0.976556 0.774381 0.781645 293.000000
0.727367 0.976353 0.774630 0.781693 294.000000
0.727285 0.976151 0.774399 0.781856 295.000000
0.727100 0.976211 0.774481 0.781772 296.000000
0.727443 0.976247 0.774513 0.781784 297.000000
0.727487 0.976134 0.774248 0.781844 298.000000
0.727270 0.976350 0.774462 0.781753 299.000000
