1.486157 1.977571 0.339149 0.304074 0.000000
1.029016 1.303121 0.624881 0.632143 1.000000
0.949022 1.427830 0.670551 0.554553 2.000000
0.913010 1.108359 0.688944 0.726541 3.000000
0.889554 1.126566 0.701338 0.715957 4.000000
0.872523 1.214259 0.709954 0.697328 5.000000
0.859058 1.137244 0.716395 0.727234 6.000000
0.848733 1.122209 0.721367 0.717188 7.000000
0.840038 1.068188 0.725676 0.749739 8.000000
0.832135 1.300249 0.729895 0.636575 9.000000
0.825552 1.180628 0.732932 0.697239 10.000000
0.819610 1.427501 0.735522 0.582812 11.000000
0.814845 1.379679 0.737925 0.611082 12.000000
0.810647 1.200983 0.739618 0.703054 13.000000
0.806663 1.032043 0.741942 0.763849 14.000000
0.803104 1.329397 0.743145 0.635079 15.000000
0.799860 1.903703 0.744842 0.381275 16.000000
0.796649 1.190089 0.746067 0.702226 17.000000
0.793581 1.136555 0.747435 0.718746 18.000000
0.791343 1.078407 0.748509 0.755926 19.000000
0.788646 1.229854 0.749699 0.683874 20.000000
0.786627 1.165591 0.750604 0.698469 21.000000
0.784636 1.099945 0.751209 0.743045 22.000000
0.782649 1.178522 0.752096 0.710523 23.000000
0.781106 1.251437 0.752946 0.692899 24.000000
0.779378 1.251685 0.753601 0.716669 25.000000
0.777348 1.150343 0.754686 0.730855 26.000000
0.775934 1.179627 0.755060 0.689927 27.000000
0.774407 1.137761 0.755793 0.730873 28.000000
0.773154 1.299177 0.756285 0.618056 29.000000
0.771803 1.115943 0.756849 0.742765 30.000000
0.770556 1.087070 0.757493 0.748260 31.000000
0.769050 1.140098 0.757969 0.726252 32.000000
0.768015 1.097455 0.758424 0.738409 33.000000
0.766402 1.124431 0.758834 0.728476 34.000000
0.765342 1.125693 0.759514 0.724980 35.000000
0.764656 1.339013 0.759772 0.640742 36.000000
0.763842 1.179084 0.760041 0.698433 37.000000
0.762264 1.056317 0.760711 0.757010 38.000000
0.762038 1.156674 0.760823 0.704245 39.000000
0.760911 0.981324 0.761330 0.783715 40.000000
0.759943 1.100548 0.761658 0.742467 41.000000
0.759813 1.091456 0.761712 0.752821 42.000000
0.758926 1.089093 0.762152 0.733075 43.000000
0.758171 1.112438 0.762541 0.718193 44.000000
0.757702 1.041302 0.762609 0.759107 45.000000
0.757185 1.037672 0.762698 0.759915 46.000000
0.756432 1.168894 0.763289 0.697653 47.000000
0.756235 1.070434 0.763508 0.751441 48.000000
0.755512 1.139721 0.763747 0.726196 49.000000
0.754949 1.088627 0.763904 0.748293 50.000000
0.754364 1.003342 0.764110 0.772958 51.000000
0.754148 1.059015 0.764027 0.758478 52.000000
0.754061 1.093052 0.764062 0.742268 53.000000
0.753599 1.008410 0.764420 0.772559 54.000000
0.752796 1.023317 0.764740 0.768639 55.000000
0.752874 1.058309 0.764613 0.757030 56.000000
0.752344 1.099796 0.764893 0.730527 57.000000
0.751782 1.084109 0.765293 0.746237 58.000000
0.751571 1.014540 0.765230 0.768627 59.000000
0.751142 1.066285 0.765245 0.748255 60.000000
0.751080 1.084509 0.765615 0.742499 61.000000
0.750824 1.015890 0.765603 0.766274 62.000000
0.750466 1.040305 0.765746 0.759647 63.000000
0.750093 1.017184 0.765759 0.769569 64.000000
0.749813 1.155432 0.765886 0.723312 65.000000
0.749608 1.061425 0.765994 0.746311 66.000000
0.749280 1.277997 0.766309 0.680859 67.000000
0.748742 1.165943 0.766372 0.713774 68.000000
0.748718 1.009818 0.766455 0.771662 69.000000
0.748658 1.139959 0.766458 0.723667 70.000000
0.748017 1.080537 0.766696 0.738259 71.000000
0.748034 1.046333 0.766752 0.756642 72.000000
0.747493 1.120572 0.766735 0.732501 73.000000
0.747772 0.999586 0.766873 0.770651 74.000000
0.747500 1.047348 0.766791 0.759852 75.000000
0.747286 1.050719 0.767138 0.752314 76.000000
0.746844 1.016146 0.766999 0.762052 77.000000
0.746639 1.058773 0.767102 0.747923 78.000000
0.746002 1.102131 0.767471 0.736356 79.000000
0.746237 1.002041 0.767372 0.772425 80.000000
0.745988 1.068247 0.767548 0.750768 81.000000
0.746094 1.027299 0.767436 0.768377 82.000000
0.745676 1.109163 0.767426 0.721347 83.000000
0.745317 0.997839 0.767753 0.774639 84.000000
0.745155 1.005258 0.767789 0.773395 85.000000
0.744993 0.981497 0.767799 0.786184 86.000000
0.745088 1.043176 0.767912 0.761349 87.000000
0.744787 1.012207 0.767993 0.774115 88.000000
0.744940 1.020338 0.768024 0.772890 89.000000
0.744576 1.056603 0.767932 0.756019 90.000000
0.744065 1.118652 0.768404 0.725548 91.000000
0.743846 1.004090 0.768261 0.780095 92.000000
0.743640 0.991672 0.768217 0.778605 93.000000
0.743930 1.044138 0.768168 0.757024 94.000000
0.743393 1.042791 0.768196 0.762795 95.000000
0.743496 0.996016 0.768276 0.773557 96.000000
0.743189 1.039308 0.768563 0.758460 97.000000
0.743106 1.062977 0.768669 0.748928 98.000000
0.743320 1.018833 0.768445 0.765269 99.000000
0.742768 1.024759 0.768807 0.768535 100.000000
0.742791 1.049948 0.768922 0.757998 101.000000
0.742399 0.993978 0.768935 0.777188 102.000000
0.742430 1.040816 0.768872 0.749576 103.000000
0.742575 1.024864 0.768807 0.762860 104.000000
0.742025 1.087183 0.769042 0.739679 105.000000
0.741961 1.009966 0.769227 0.767450 106.000000
0.741662 1.001673 0.769040 0.774398 107.000000
0.742132 1.117508 0.769048 0.727469 108.000000
0.741649 1.107804 0.769016 0.726452 109.000000
0.741042 1.028285 0.769449 0.765591 110.000000
0.741047 0.978401 0.769377 0.781945 111.000000
0.741097 1.017159 0.769097 0.768308 112.000000
0.741147 1.038006 0.769261 0.759378 113.000000
0.740897 1.048017 0.769428 0.756189 114.000000
0.740544 1.041564 0.769333 0.759999 115.000000
0.740646 0.999471 0.769587 0.774064 116.000000
0.740585 1.039247 0.769491 0.761021 117.000000
0.740001 1.062729 0.769628 0.741900 118.000000
0.739788 1.016176 0.769814 0.763776 119.000000
0.740029 1.052976 0.769924 0.747736 120.000000
0.739874 0.972810 0.769880 0.785504 121.000000
0.739812 1.002786 0.769798 0.772628 122.000000
0.739876 0.994007 0.769884 0.778943 123.000000
0.739592 1.046364 0.769748 0.756809 124.000000
0.739206 1.001596 0.769984 0.776910 125.000000
0.739386 0.969524 0.770128 0.788138 126.000000
0.739272 1.014635 0.770052 0.769982 127.000000
0.739190 1.031279 0.770027 0.764456 128.000000
0.738578 1.022420 0.770143 0.761413 129.000000
0.738578 1.009444 0.770381 0.762547 130.000000
0.738851 1.003847 0.770117 0.774177 131.000000
0.738486 1.054303 0.770222 0.748366 132.000000
0.738467 1.041430 0.770360 0.758305 133.000000
0.738357 1.009274 0.770339 0.771093 134.000000
0.738090 1.004571 0.770575 0.773103 135.000000
0.737881 1.023551 0.770364 0.767170 136.000000
0.737928 0.973818 0.770586 0.782827 137.000000
0.737839 1.043601 0.770477 0.752192 138.000000
0.737657 1.052861 0.770598 0.750198 139.000000
0.737426 1.011326 0.770627 0.766121 140.000000
0.737642 0.987818 0.770786 0.779740 141.000000
0.737384 0.987128 0.770714 0.779524 142.000000
0.736993 0.988186 0.770872 0.779379 143.000000
0.736933 1.018780 0.770958 0.763000 144.000000
0.736966 1.044248 0.770588 0.755748 145.000000
0.736625 0.998022 0.771041 0.773390 146.000000
0.736812 1.088248 0.770888 0.739957 147.000000
0.736611 0.997637 0.770953 0.775956 148.000000
0.736677 1.036397 0.770915 0.760107 149.000000
0.736272 1.001382 0.770985 0.775231 150.000000
0.736302 0.999023 0.771021 0.772444 151.000000
0.736186 1.020659 0.771076 0.765540 152.000000
0.735934 0.981697 0.771233 0.783381 153.000000
0.735733 1.018060 0.771224 0.763829 154.000000
0.735769 1.043681 0.771363 0.757970 155.000000
0.735649 1.033052 0.771342 0.762530 156.000000
0.735598 0.964449 0.771400 0.785585 157.000000
0.735388 1.005209 0.771258 0.768805 158.000000
0.735376 1.036860 0.771278 0.759679 159.000000
0.735288 0.995132 0.771461 0.773208 160.000000
0.734976 1.014864 0.771497 0.767132 161.000000
0.734976 1.010670 0.771619 0.769895 162.000000
0.734968 0.992335 0.771641 0.774931 163.000000
0.734829 0.996521 0.771876 0.773425 164.000000
0.734954 1.015010 0.771699 0.768567 165.000000
0.734345 0.992813 0.771855 0.776386 166.000000
0.734476 1.029680 0.771720 0.757331 167.000000
0.734595 0.987770 0.771950 0.776944 168.000000
0.734252 0.999105 0.771936 0.773904 169.000000
0.734291 0.999813 0.772039 0.770988 170.000000
0.734055 1.005807 0.771695 0.773215 171.000000
0.733875 0.972116 0.771939 0.786260 172.000000
0.733909 1.040927 0.772050 0.759292 173.000000
0.734041 1.056755 0.771945 0.749943 174.000000
0.733737 1.047589 0.771914 0.752100 175.000000
0.733519 0.973572 0.772061 0.784531 176.000000
0.733465 0.986735 0.772116 0.779307 177.000000
0.733205 0.977108 0.772288 0.782326 178.000000
0.733088 1.043125 0.772156 0.754548 179.000000
0.733102 0.975298 0.772247 0.781286 180.000000
0.733293 0.994517 0.772183 0.774261 181.000000
0.733185 1.025635 0.772164 0.765682 182.000000
0.732628 1.008849 0.772252 0.768302 183.000000
0.732506 1.028528 0.772346 0.757377 184.000000
0.732614 0.962259 0.772248 0.789618 185.000000
0.732612 0.978782 0.772484 0.781762 186.000000
0.732346 0.981242 0.772539 0.780916 187.000000
0.732500 1.004697 0.772473 0.770049 188.000000
0.732024 1.028436 0.772641 0.758776 189.000000
0.731905 1.017369 0.772658 0.764103 190.000000
0.731885 0.992513 0.772816 0.772642 191.000000
0.732048 0.979726 0.772641 0.779234 192.000000
0.731824 0.990906 0.772825 0.778557 193.000000
0.731289 0.995238 0.772763 0.774512 194.000000
0.731697 0.982624 0.772585 0.780362 195.000000
0.731656 0.993637 0.773130 0.773160 196.000000
0.731665 0.992156 0.772554 0.773618 197.000000
0.731387 0.993495 0.773015 0.774743 198.000000
0.731096 0.984747 0.772780 0.778985 199.000000
0.731091 0.965915 0.773031 0.786328 200.000000
0.730888 0.985863 0.773161 0.778879 201.000000
0.730888 0.970939 0.772831 0.785307 202.000000
0.730727 1.005397 0.773077 0.767745 203.000000
0.730907 1.007710 0.773082 0.769283 204.000000
0.730870 1.003397 0.772886 0.770618 205.000000
0.731052 0.975226 0.772845 0.780588 206.000000
0.730614 0.974495 0.773173 0.783703 207.000000
0.730275 0.983712 0.773213 0.778331 208.000000
0.730672 1.008269 0.773206 0.767520 209.000000
0.730610 0.977030 0.773263 0.782332 210.000000
0.730285 0.995672 0.773260 0.771990 211.000000
0.730160 0.997289 0.773273 0.772764 212.000000
0.729778 0.979304 0.773526 0.779283 213.000000
0.729964 0.969852 0.773150 0.782257 214.000000
0.729663 0.982344 0.773567 0.779390 215.000000
0.729612 0.999718 0.773337 0.771409 216.000000
0.729730 0.997780 0.773332 0.772823 217.000000
0.729768 0.982731 0.773467 0.780028 218.000000
0.729662 0.986853 0.773271 0.778675 219.000000
0.729340 0.980133 0.773557 0.780490 220.000000
0.729204 0.977918 0.773578 0.779897 221.000000
0.729018 0.990941 0.773491 0.775906 222.000000
0.729252 0.975954 0.773611 0.781780 223.000000
0.729287 0.994667 0.773661 0.772799 224.000000
0.728692 0.993486 0.773802 0.775158 225.000000
0.729130 0.986794 0.773629 0.778060 226.000000
0.728933 0.989075 0.773626 0.776094 227.000000
0.728814 0.977847 0.773784 0.781113 228.000000
0.728622 0.999808 0.773774 0.774296 229.000000
0.728698 0.977576 0.773748 0.781366 230.000000
0.728690 0.966754 0.773972 0.784507 231.000000
0.728554 0.985920 0.773734 0.778943 232.000000
0.728493 0.993376 0.773796 0.774455 233.000000
0.728385 0.978447 0.773990 0.779563 234.000000
0.728124 0.984858 0.773972 0.778349 235.000000
0.728541 0.975389 0.774036 0.781956 236.000000
0.728183 0.992123 0.773851 0.775568 237.000000
0.728119 0.990568 0.774120 0.775957 238.000000
0.727954 0.972971 0.773970 0.781906 239.000000
0.727777 0.971516 0.774203 0.783520 240.000000
0.728231 0.970966 0.774205 0.782612 241.000000
0.728005 0.965644 0.774145 0.785624 242.000000
0.728140 0.979517 0.774029 0.779581 243.000000
0.727840 0.985776 0.774262 0.779357 244.000000
0.727655 0.975643 0.773983 0.781521 245.000000
0.727694 0.979156 0.774241 0.779772 246.000000
0.727584 0.982359 0.774011 0.779008 247.000000
0.727285 0.974147 0.774247 0.781772 248.000000
0.727225 0.977553 0.774201 0.781053 249.000000
0.727637 0.977125 0.774241 0.781103 250.000000
0.727503 0.984266 0.774105 0.778040 251.000000
0.727201 0.966333 0.774182 0.784817 252.000000
0.727169 0.969803 0.774175 0.784032 253.000000
0.727144 0.972636 0.774274 0.783277 254.000000
0.727263 0.976012 0.774184 0.781405 255.000000
0.726998 0.975283 0.774340 0.781563 256.000000
0.726959 0.977462 0.774330 0.781006 257.000000
0.727086 0.980465 0.774458 0.779231 258.000000
0.726951 0.971428 0.774494 0.783232 259.000000
0.726931 0.971351 0.774530 0.783119 260.000000
0.727047 0.977364 0.774429 0.781314 261.000000
0.727106 0.977075 0.774526 0.780444 262.000000
0.726705 0.973130 0.774503 0.782711 263.000000
0.726717 0.976541 0.774381 0.780859 264.000000
0.726900 0.979396 0.774348 0.779740 265.000000
0.726762 0.974265 0.774475 0.781955 266.000000
0.727002 0.983459 0.774509 0.778160 267.000000
0.726658 0.980544 0.774721 0.779742 268.000000
0.726564 0.977077 0.774667 0.780386 269.000000
0.726645 0.979426 0.774644 0.780207 270.000000
0.726431 0.977410 0.774606 0.780967 271.000000
0.726665 0.979465 0.774513 0.779807 272.000000
0.726493 0.975893 0.774496 0.781691 273.000000
0.726276 0.978245 0.774537 0.780492 274.000000
0.726656 0.974223 0.774744 0.781906 275.000000
0.726346 0.975308 0.774580 0.781536 276.000000
0.726769 0.975079 0.774581 0.781657 277.000000
0.726720 0.978539 0.774478 0.780111 278.000000
0.726312 0.975912 0.774584 0.781199 279.000000
0.726538 0.975997 0.774569 0.781202 280.000000
0.726462 0.975501 0.774509 0.781443 281.000000
0.726361 0.975715 0.774887 0.781470 282.000000
0.726412 0.975176 0.774534 0.781832 283.000000
0.726492 0.975867 0.774553 0.781401 284.000000
0.726697 0.976135 0.774760 0.781173 285.000000
0.726163 0.975107 0.774677 0.781545 286.000000
0.726273 0.976381 0.774681 0.781187 287.000000
0.726324 0.975139 0.774744 0.781694 288.000000
0.726543 0.975276 0.774736 0.781593 289.000000
0.726515 0.975691 0.774684 0.781486 290.000000
0.726583 0.976350 0.774675 0.781190 291.000000
0.726410 0.975986 0.774553 0.781302 292.000000
0.726162 0.975893 0.774784 0.781325 293.000000
0.726178 0.975813 0.774781 0.781366 294.000000
0.726216 0.975755 0.774662 0.781449 295.000000
0.726230 0.975977 0.774734 0.781287 296.000000
0.726464 0.976083 0.774678 0.781251 297.000000
0.726373 0.975865 0.774721 0.781354 298.000000
0.726375 0.976012 0.774585 0.781310 299.000000
