1.559706 2.053605 0.358432 0.267447 0.000000
1.040078 1.519281 0.622858 0.575766 1.000000
0.954076 1.240589 0.666875 0.688080 2.000000
0.917463 1.171480 0.687467 0.706039 3.000000
0.893130 1.118768 0.699618 0.731032 4.000000
0.875244 1.274555 0.708735 0.639732 5.000000
0.861261 1.184620 0.715465 0.691022 6.000000
0.849987 1.233241 0.720925 0.663456 7.000000
0.840635 1.112612 0.725583 0.728535 8.000000
0.832845 1.129568 0.729373 0.713329 9.000000
0.825955 1.578607 0.732817 0.493566 10.000000
0.819851 1.346315 0.735301 0.643965 11.000000
0.814930 1.096509 0.737793 0.755041 12.000000
0.810869 1.235839 0.739824 0.678852 13.000000
0.806400 1.378803 0.741946 0.602081 14.000000
0.802366 1.210065 0.743675 0.663722 15.000000
0.799016 1.269222 0.745119 0.675049 16.000000
0.796032 1.095653 0.746350 0.743045 17.000000
0.793013 1.164593 0.747859 0.713344 18.000000
0.790189 1.173233 0.748870 0.700357 19.000000
0.787834 1.526798 0.750089 0.585782 20.000000
0.785651 1.173858 0.751132 0.697895 21.000000
0.783957 1.225102 0.751825 0.670851 22.000000
0.781296 1.163013 0.752623 0.712208 23.000000
0.780013 1.130913 0.753322 0.727707 24.000000
0.778164 1.093437 0.754159 0.740711 25.000000
0.776513 1.126485 0.754906 0.719523 26.000000
0.774894 1.089302 0.755552 0.741007 27.000000
0.773751 1.491304 0.756170 0.540043 28.000000
0.772316 1.309480 0.756647 0.652697 29.000000
0.771151 1.268871 0.757000 0.650167 30.000000
0.769916 1.092947 0.757394 0.756469 31.000000
0.768911 1.007703 0.758149 0.779240 32.000000
0.767435 1.103369 0.758650 0.741325 33.000000
0.766241 1.020126 0.759003 0.770241 34.000000
0.765426 1.119460 0.759369 0.727945 35.000000
0.764372 1.063019 0.759479 0.751390 36.000000
0.763585 1.097828 0.759901 0.734312 37.000000
0.762986 1.048493 0.760498 0.760261 38.000000
0.762083 1.090827 0.760855 0.737710 39.000000
0.761330 1.145861 0.760840 0.723153 40.000000
0.760756 1.145206 0.761075 0.725052 41.000000
0.760187 1.019941 0.761612 0.767536 42.000000
0.759006 1.093033 0.761994 0.741199 43.000000
0.759119 1.102536 0.762082 0.731865 44.000000
0.757957 1.056922 0.762205 0.759319 45.000000
0.757723 1.020938 0.762572 0.769417 46.000000
0.757148 1.149649 0.762637 0.718458 47.000000
0.756629 1.114504 0.762906 0.729949 48.000000
0.756353 1.054806 0.763101 0.755851 49.000000
0.755720 1.041044 0.763509 0.759504 50.000000
0.755160 1.135122 0.763864 0.720836 51.000000
0.754872 1.151249 0.763558 0.718015 52.000000
0.754740 1.020506 0.763709 0.764381 53.000000
0.754014 1.285689 0.764024 0.673278 54.000000
0.753552 1.147799 0.764191 0.719227 55.000000
0.753420 1.057099 0.764328 0.752359 56.000000
0.753128 1.006374 0.764700 0.769434 57.000000
0.752446 1.163574 0.764583 0.709576 58.000000
0.751995 1.026662 0.764935 0.766779 59.000000
0.751762 1.032383 0.764900 0.765826 60.000000
0.751606 1.042254 0.765062 0.762984 61.000000
0.750988 1.153008 0.765036 0.719806 62.000000
0.750902 1.022175 0.765478 0.765302 63.000000
0.750514 1.053857 0.765249 0.752538 64.000000
0.750262 1.083272 0.765749 0.739339 65.000000
0.750189 1.058018 0.765615 0.757407 66.000000
0.749738 1.035193 0.765626 0.759746 67.000000
0.749560 1.113748 0.765942 0.729650 68.000000
0.749288 1.011291 0.766029 0.768456 69.000000
0.748847 1.035362 0.766097 0.763667 70.000000
0.749020 1.043939 0.766217 0.756634 71.000000
0.748361 1.022014 0.766290 0.770650 72.000000
0.748213 1.021969 0.766251 0.771993 73.000000
0.747949 1.053587 0.766475 0.751255 74.000000
0.747421 1.056735 0.766711 0.757937 75.000000
0.747527 1.055295 0.766751 0.758361 76.000000
0.747470 1.037517 0.766667 0.751113 77.000000
0.747103 0.999421 0.766917 0.777612 78.000000
0.746313 1.087816 0.766992 0.736591 79.000000
0.746406 1.076972 0.767083 0.750350 80.000000
0.746446 1.096364 0.767209 0.731611 81.000000
0.746113 1.069367 0.767188 0.740517 82.000000
0.745756 1.012609 0.767338 0.769668 83.000000
0.745657 1.004669 0.767411 0.777191 84.000000
0.745539 1.043453 0.767352 0.756493 85.000000
0.745426 1.110648 0.767440 0.725474 86.000000
0.745190 1.052087 0.767736 0.753275 87.000000
0.744805 1.057244 0.767851 0.748011 88.000000
0.744762 1.011615 0.767970 0.773292 89.000000
0.744203 1.060613 0.767838 0.752303 90.000000
0.744337 1.055927 0.767805 0.754598 91.000000
0.744206 1.067255 0.768037 0.741323 92.000000
0.744114 1.040148 0.767983 0.762633 93.000000
0.743839 1.071739 0.768211 0.749686 94.000000
0.743995 1.029969 0.768044 0.759068 95.000000
0.743581 1.065633 0.768317 0.748696 96.000000
0.743200 1.021556 0.768488 0.765341 97.000000
0.743269 1.050759 0.768603 0.755348 98.000000
0.742772 1.037667 0.768593 0.759706 99.000000
0.742990 1.044865 0.768477 0.761696 100.000000
0.742748 1.077518 0.768441 0.738479 101.000000
0.742764 1.014133 0.768726 0.771309 102.000000
0.742587 1.053133 0.768862 0.758927 103.000000
0.742360 0.981750 0.768609 0.785446 104.000000
0.742003 1.072243 0.769028 0.747619 105.000000
0.741838 1.003452 0.769381 0.770693 106.000000
0.741832 1.096631 0.769019 0.740920 107.000000
0.741688 0.995034 0.768995 0.777121 108.000000
0.741347 1.010938 0.769127 0.772097 109.000000
0.741221 1.048312 0.769186 0.749623 110.000000
0.741350 1.000074 0.769027 0.775665 111.000000
0.741301 1.056243 0.769150 0.754635 112.000000
0.740892 1.009033 0.769293 0.775333 113.000000
0.740597 1.056703 0.769526 0.746123 114.000000
0.740527 1.024266 0.769677 0.756959 115.000000
0.740460 1.068928 0.769586 0.750010 116.000000
0.740295 1.032875 0.769665 0.760404 117.000000
0.740233 1.052943 0.769717 0.751575 118.000000
0.739858 0.993970 0.769717 0.769491 119.000000
0.740023 1.064573 0.769827 0.752537 120.000000
0.740002 0.999976 0.769787 0.775810 121.000000
0.739608 0.992808 0.769762 0.775592 122.000000
0.739178 1.010691 0.769973 0.771349 123.000000
0.739384 1.042224 0.769863 0.756769 124.000000
0.739488 1.019557 0.769983 0.766870 125.000000
0.739122 0.971690 0.769979 0.786767 126.000000
0.739119 0.974048 0.770152 0.785209 127.000000
0.738482 1.008230 0.770442 0.771890 128.000000
0.738923 0.978877 0.770331 0.780986 129.000000
0.738479 1.046767 0.770259 0.757128 130.000000
0.738374 1.019599 0.770432 0.765042 131.000000
0.738335 1.019689 0.770138 0.760326 132.000000
0.738456 1.013765 0.770251 0.766636 133.000000
0.738383 0.978665 0.770437 0.781434 134.000000
0.738015 1.062403 0.770755 0.743749 135.000000
0.738015 1.016866 0.770635 0.763390 136.000000
0.737800 0.990289 0.770615 0.777229 137.000000
0.737810 1.009856 0.770761 0.766512 138.000000
0.737521 1.042437 0.770711 0.759448 139.000000
0.737515 1.001429 0.770549 0.774768 140.000000
0.736546 0.973101 0.770956 0.786794 141.000000
0.737334 1.017396 0.770804 0.767975 142.000000
0.737134 1.014455 0.770829 0.763634 143.000000
0.737093 1.004650 0.770981 0.773648 144.000000
0.736931 1.005903 0.770990 0.772468 145.000000
0.736815 0.998213 0.771092 0.775535 146.000000
0.736478 1.022228 0.771190 0.765202 147.000000
0.736494 0.979723 0.770874 0.780073 148.000000
0.736472 1.066976 0.771070 0.746612 149.000000
0.735978 1.016796 0.771150 0.765877 150.000000
0.735898 0.977020 0.771234 0.782770 151.000000
0.735884 0.987554 0.771395 0.779884 152.000000
0.736026 0.982937 0.771333 0.781116 153.000000
0.735478 0.969561 0.771432 0.788597 154.000000
0.735898 0.997377 0.771430 0.775592 155.000000
0.735280 0.984277 0.771503 0.781796 156.000000
0.735596 1.024024 0.771360 0.764233 157.000000
0.735325 1.000015 0.771411 0.772094 158.000000
0.735346 0.995528 0.771673 0.777178 159.000000
0.735202 1.022449 0.771699 0.766942 160.000000
0.734890 1.000001 0.771584 0.774198 161.000000
0.734378 1.026559 0.771764 0.761106 162.000000
0.735162 1.013522 0.771627 0.768625 163.000000
0.734602 0.971521 0.771781 0.784423 164.000000
0.734730 0.998464 0.771814 0.772387 165.000000
0.734309 1.000098 0.771860 0.772028 166.000000
0.734595 1.022038 0.772059 0.764565 167.000000
0.734231 1.003334 0.771648 0.774764 168.000000
0.734136 1.011028 0.771899 0.772077 169.000000
0.734016 0.995491 0.772093 0.775647 170.000000
0.734189 0.993061 0.772089 0.774955 171.000000
0.733703 1.002590 0.772160 0.770517 172.000000
0.733838 0.996589 0.771902 0.775930 173.000000
0.733664 0.980332 0.772080 0.783265 174.000000
0.733263 0.975656 0.772224 0.783825 175.000000
0.733538 0.980269 0.772201 0.783731 176.000000
0.733331 1.004726 0.772201 0.769969 177.000000
0.733286 0.994373 0.772330 0.775689 178.000000
0.733013 1.032061 0.772268 0.756712 179.000000
0.732932 1.036958 0.772317 0.753966 180.000000
0.732592 0.969584 0.772515 0.786395 181.000000
0.732937 1.003371 0.772391 0.769681 182.000000
0.732780 1.015752 0.772389 0.765064 183.000000
0.732838 0.989856 0.772514 0.775906 184.000000
0.732519 0.986883 0.772537 0.780637 185.000000
0.732246 1.003855 0.772514 0.771201 186.000000
0.732357 0.969381 0.772473 0.786825 187.000000
0.732414 0.995863 0.772619 0.773912 188.000000
0.731914 0.983916 0.772740 0.779068 189.000000
0.732028 1.013286 0.772707 0.766406 190.000000
0.731912 0.992625 0.772639 0.777708 191.000000
0.732100 0.977452 0.772692 0.783023 192.000000
0.731595 0.993048 0.772787 0.775942 193.000000
0.731801 1.012023 0.772817 0.766964 194.000000
0.731650 0.977438 0.772713 0.780546 195.000000
0.731639 0.988556 0.772831 0.779477 196.000000
0.731549 0.992336 0.772611 0.773817 197.000000
0.731288 0.991059 0.773043 0.777486 198.000000
0.731248 0.991531 0.773074 0.776844 199.000000
0.731180 0.975187 0.772988 0.782669 200.000000
0.731491 0.988004 0.772853 0.779093 201.000000
0.730781 1.020421 0.773295 0.762803 202.000000
0.730925 1.002588 0.773154 0.775351 203.000000
0.730809 0.988638 0.773174 0.777185 204.000000
0.730939 0.983393 0.773176 0.780053 205.000000
0.730531 0.992946 0.773459 0.774365 206.000000
0.730579 0.996133 0.773223 0.775752 207.000000
0.730458 0.977748 0.773220 0.782198 208.000000
0.730099 0.972793 0.773085 0.785395 209.000000
0.730181 0.986443 0.773277 0.776967 210.000000
0.730045 1.015690 0.773368 0.762815 211.000000
0.729821 0.992499 0.773543 0.773320 212.000000
0.730071 0.976993 0.773366 0.781552 213.000000
0.729744 0.986652 0.773689 0.777976 214.000000
0.729653 0.991790 0.773675 0.771463 215.000000
0.729881 0.986565 0.773443 0.777627 216.000000
0.729677 0.982307 0.773442 0.779746 217.000000
0.729675 0.988971 0.773620 0.777188 218.000000
0.729240 0.991382 0.773818 0.775217 219.000000
0.729305 0.982958 0.773504 0.779036 220.000000
0.729487 0.976137 0.773646 0.783790 221.000000
0.729356 0.972612 0.773728 0.783432 222.000000
0.729114 0.964952 0.773885 0.786885 223.000000
0.729232 0.979926 0.773682 0.780240 224.000000
0.729136 0.989740 0.773776 0.773843 225.000000
0.729053 0.986522 0.773831 0.778993 226.000000
0.729062 1.000454 0.773864 0.772708 227.000000
0.728866 0.974630 0.773906 0.782025 228.000000
0.728913 0.983829 0.773874 0.777567 229.000000
0.728906 0.984824 0.774075 0.777426 230.000000
0.728375 0.982702 0.774087 0.778593 231.000000
0.728347 0.972806 0.773998 0.783604 232.000000
0.728463 0.979585 0.774296 0.780707 233.000000
0.728439 0.977931 0.774117 0.782596 234.000000
0.728559 0.969274 0.773983 0.784688 235.000000
0.728474 0.980221 0.774049 0.781019 236.000000
0.728175 0.988428 0.774221 0.775751 237.000000
0.728184 0.978535 0.774186 0.782344 238.000000
0.728076 0.973756 0.774112 0.783409 239.000000
0.728315 0.970259 0.774113 0.784998 240.000000
0.727870 0.965718 0.774223 0.786554 241.000000
0.728115 0.987673 0.774267 0.777098 242.000000
0.727850 0.991689 0.774122 0.775824 243.000000
0.728024 0.972459 0.774266 0.783494 244.000000
0.727616 0.979054 0.774317 0.780514 245.000000
0.727680 0.977306 0.774404 0.781655 246.000000
0.727396 0.976348 0.774365 0.781675 247.000000
0.727530 0.985567 0.774267 0.777819 248.000000
0.727324 0.970413 0.774319 0.784714 249.000000
0.727530 0.976534 0.774685 0.781910 250.000000
0.727313 0.972356 0.774503 0.782930 251.000000
0.727561 0.985114 0.774333 0.777703 252.000000
0.727104 0.969233 0.774435 0.784758 253.000000
0.727533 0.975359 0.774353 0.782635 254.000000
0.727175 0.977856 0.774531 0.781073 255.000000
0.727175 0.976264 0.774668 0.781876 256.000000
0.726867 0.980971 0.774430 0.779712 257.000000
0.727329 0.988414 0.774456 0.775939 258.000000
0.727536 0.981226 0.774273 0.779457 259.000000
0.726884 0.984079 0.774566 0.779152 260.000000
0.727082 0.976158 0.774384 0.781479 261.000000
0.727129 0.968234 0.774586 0.785402 262.000000
0.727065 0.975933 0.774726 0.782554 263.000000
0.727086 0.980931 0.774706 0.779836 264.000000
0.726888 0.974719 0.774695 0.782078 265.000000
0.726743 0.979422 0.774617 0.780905 266.000000
0.726653 0.978449 0.774582 0.781071 267.000000
0.726740 0.978953 0.774634 0.780928 268.000000
0.726743 0.976585 0.774652 0.781318 269.000000
0.726504 0.973281 0.774708 0.783321 270.000000
0.726664 0.971018 0.774736 0.783788 271.000000
0.726638 0.978245 0.774753 0.780859 272.000000
0.726757 0.978184 0.774492 0.781232 273.000000
0.726845 0.976391 0.774508 0.782184 274.000000
0.726379 0.973788 0.774805 0.782671 275.000000
0.726366 0.974795 0.774852 0.782238 276.000000
0.726405 0.977013 0.774635 0.781317 277.000000
0.726690 0.976697 0.774705 0.781679 278.000000
0.726561 0.975785 0.774815 0.782120 279.000000
0.726285 0.975662 0.774779 0.781985 280.000000
0.726584 0.972463 0.774757 0.783767 281.000000
0.726252 0.974695 0.774685 0.782499 282.000000
0.726338 0.974062 0.774820 0.783041 283.000000
0.726592 0.976655 0.774649 0.781889 284.000000
0.726330 0.974130 0.774657 0.782810 285.000000
0.726314 0.975158 0.774888 0.782340 286.000000
0.726080 0.975246 0.774989 0.782500 287.000000
0.726408 0.974980 0.774802 0.782425 288.000000
0.726442 0.976027 0.774772 0.782144 289.000000
0.726302 0.975265 0.774753 0.782488 290.000000
0.726387 0.974936 0.774694 0.782469 291.000000
0.726513 0.974646 0.774947 0.782729 292.000000
0.726238 0.974897 0.774755 0.782572 293.000000
0.726164 0.975025 0.774918 0.782578 294.000000
0.726047 0.974884 0.774853 0.782590 295.000000
0.726121 0.974839 0.774803 0.782566 296.000000
0.726435 0.974723 0.774799 0.782678 297.000000
0.726307 0.974830 0.774839 0.782573 298.000000
0.726465 0.974875 0.774732 0.782559 299.000000
