1.525563 1.790774 0.331880 0.376617 0.000000
1.040218 1.282500 0.621989 0.634893 1.000000
0.953582 1.241982 0.667398 0.666849 2.000000
0.917034 1.223985 0.687988 0.662867 3.000000
0.892500 1.144777 0.700788 0.718689 4.000000
0.874357 1.122587 0.709863 0.721331 5.000000
0.860206 1.179413 0.716644 0.701900 6.000000
0.849054 1.210795 0.721826 0.673584 7.000000
0.839540 1.244920 0.726118 0.664133 8.000000
0.831977 1.313252 0.729995 0.615558 9.000000
0.824985 1.258449 0.733254 0.650295 10.000000
0.819619 1.076860 0.736053 0.753112 11.000000
0.814318 1.584668 0.738399 0.491018 12.000000
0.809830 1.073594 0.740548 0.755147 13.000000
0.805792 1.144859 0.742581 0.716252 14.000000
0.801757 1.067666 0.744374 0.750193 15.000000
0.798467 1.153890 0.745613 0.710791 16.000000
0.795344 1.355615 0.747018 0.608807 17.000000
0.792604 1.087788 0.748104 0.736206 18.000000
0.789992 1.109682 0.749250 0.743787 19.000000
0.787401 1.103204 0.750328 0.715059 20.000000
0.785078 1.086149 0.751616 0.745623 21.000000
0.783270 1.104276 0.752135 0.730944 22.000000
0.781333 1.498296 0.753011 0.570734 23.000000
0.779381 1.190036 0.753725 0.693178 24.000000
0.777850 1.041342 0.754530 0.762952 25.000000
0.776390 1.100406 0.754974 0.744654 26.000000
0.774829 1.203966 0.756011 0.696899 27.000000
0.773632 1.124595 0.756282 0.720154 28.000000
0.772172 1.082439 0.756785 0.747441 29.000000
0.771364 1.194479 0.757214 0.705115 30.000000
0.769564 1.080260 0.757791 0.727084 31.000000
0.768730 1.137146 0.758024 0.733352 32.000000
0.767464 1.227922 0.758607 0.678622 33.000000
0.766589 1.054656 0.759037 0.759674 34.000000
0.765348 1.164356 0.759702 0.710322 35.000000
0.764386 1.143628 0.760033 0.716476 36.000000
0.763306 1.009178 0.760434 0.774996 37.000000
0.762265 1.071727 0.760692 0.753143 38.000000
0.762081 1.142556 0.760793 0.720844 39.000000
0.761168 1.158678 0.761258 0.709560 40.000000
0.760584 1.146625 0.761316 0.712456 41.000000
0.759890 1.020634 0.761667 0.767846 42.000000
0.759161 1.045365 0.762047 0.759915 43.000000
0.758558 1.051714 0.762228 0.755149 44.000000
0.758110 1.072030 0.762646 0.752077 45.000000
0.757551 1.302248 0.762786 0.656065 46.000000
0.756976 1.094039 0.762974 0.746521 47.000000
0.756418 1.066238 0.763036 0.752291 48.000000
0.755839 1.050125 0.763499 0.757295 49.000000
0.755587 1.255253 0.763609 0.679811 50.000000
0.755051 1.054305 0.763578 0.753644 51.000000
0.754674 1.076690 0.763797 0.743778 52.000000
0.754368 1.017813 0.763895 0.761727 53.000000
0.754169 1.055348 0.764064 0.759875 54.000000
0.753603 1.043352 0.764249 0.762121 55.000000
0.753206 1.085324 0.764629 0.743638 56.000000
0.752662 1.077644 0.764815 0.746696 57.000000
0.752106 1.031556 0.764913 0.760204 58.000000
0.751966 1.018861 0.764968 0.773003 59.000000
0.751966 1.127288 0.764975 0.736477 60.000000
0.752211 1.069965 0.765006 0.744380 61.000000
0.750995 1.142532 0.765393 0.728823 62.000000
0.751027 1.043523 0.765291 0.759535 63.000000
0.750392 1.024333 0.765436 0.764097 64.000000
0.750607 0.987369 0.765501 0.781335 65.000000
0.749816 1.019039 0.765843 0.769256 66.000000
0.749833 1.083400 0.765875 0.741328 67.000000
0.749779 1.191091 0.765709 0.696070 68.000000
0.749334 1.078311 0.765984 0.745702 69.000000
0.748990 1.127607 0.766318 0.733170 70.000000
0.748743 0.985749 0.766140 0.782031 71.000000
0.748158 1.031439 0.766496 0.762708 72.000000
0.747873 1.091545 0.766768 0.734725 73.000000
0.747865 1.055076 0.766577 0.753756 74.000000
0.747269 1.071387 0.766795 0.747059 75.000000
0.747375 1.125646 0.766798 0.734485 76.000000
0.747323 1.062178 0.766764 0.757352 77.000000
0.747092 1.109778 0.767020 0.720312 78.000000
0.746937 1.022494 0.766966 0.768086 79.000000
0.746455 1.080222 0.767255 0.742678 80.000000
0.746360 1.039903 0.767387 0.756380 81.000000
0.746353 1.057211 0.767396 0.754199 82.000000
0.745879 0.998340 0.767496 0.776899 83.000000
0.745873 1.055339 0.767526 0.757408 84.000000
0.745635 1.001617 0.767511 0.773718 85.000000
0.745592 1.029893 0.767613 0.759668 86.000000
0.745143 1.017435 0.767856 0.766329 87.000000
0.744963 1.029171 0.767708 0.768273 88.000000
0.745014 1.085141 0.767846 0.740517 89.000000
0.744461 0.996537 0.768113 0.776556 90.000000
0.744499 1.053640 0.767879 0.750659 91.000000
0.744367 1.117896 0.768059 0.722508 92.000000
0.744224 1.066591 0.768333 0.746891 93.000000
0.744387 1.008775 0.768015 0.771802 94.000000
0.743977 1.061295 0.768348 0.746066 95.000000
0.743580 1.011739 0.768435 0.769549 96.000000
0.743482 1.009975 0.768743 0.769955 97.000000
0.743333 1.026720 0.768519 0.758738 98.000000
0.742974 1.072585 0.768567 0.743280 99.000000
0.743012 0.990381 0.768591 0.779864 100.000000
0.743008 1.009798 0.768784 0.766030 101.000000
0.743001 1.025911 0.768731 0.768323 102.000000
0.742125 1.036825 0.768896 0.753736 103.000000
0.742400 0.990012 0.768887 0.775713 104.000000
0.742300 0.994078 0.768767 0.773964 105.000000
0.741902 1.062608 0.769241 0.757555 106.000000
0.741996 1.039066 0.769163 0.764714 107.000000
0.741766 1.014500 0.769093 0.772615 108.000000
0.741737 1.035302 0.769236 0.754144 109.000000
0.741417 1.011559 0.769232 0.772651 110.000000
0.741287 0.996583 0.769383 0.776785 111.000000
0.741516 1.010481 0.769131 0.774698 112.000000
0.741269 0.993377 0.769112 0.780496 113.000000
0.741066 1.010935 0.769537 0.770825 114.000000
0.740967 1.023009 0.769555 0.760743 115.000000
0.740659 1.007085 0.769678 0.768410 116.000000
0.740856 1.049633 0.769564 0.757453 117.000000
0.740338 1.038332 0.769558 0.763435 118.000000
0.740409 1.000237 0.769609 0.775396 119.000000
0.740443 1.014348 0.769820 0.772082 120.000000
0.739923 0.985302 0.769964 0.775827 121.000000
0.740200 1.064333 0.769683 0.750106 122.000000
0.739984 0.993995 0.769887 0.770988 123.000000
0.739694 0.969197 0.769987 0.787271 124.000000
0.739520 1.000392 0.769741 0.775165 125.000000
0.739234 1.007555 0.770031 0.772729 126.000000
0.739590 1.037306 0.769981 0.764097 127.000000
0.738972 1.023014 0.770153 0.764525 128.000000
0.739132 1.083630 0.770074 0.738994 129.000000
0.739058 1.053188 0.770182 0.753259 130.000000
0.738236 1.083757 0.770552 0.735412 131.000000
0.738785 1.026086 0.770363 0.759574 132.000000
0.738645 1.009401 0.770471 0.771763 133.000000
0.738490 1.008971 0.770334 0.772320 134.000000
0.738333 1.003300 0.770194 0.771295 135.000000
0.738307 1.029229 0.770456 0.761873 136.000000
0.737944 1.013312 0.770595 0.769901 137.000000
0.737791 1.002979 0.770615 0.775117 138.000000
0.737971 1.000916 0.770465 0.773868 139.000000
0.737433 1.051776 0.770932 0.758931 140.000000
0.737363 1.006398 0.770918 0.768871 141.000000
0.737675 0.993059 0.770739 0.771848 142.000000
0.737441 1.044850 0.771027 0.755698 143.000000
0.737197 1.035358 0.770761 0.758307 144.000000
0.737213 1.032363 0.770861 0.760529 145.000000
0.736835 1.057744 0.770873 0.747376 146.000000
0.736908 1.068087 0.770870 0.754914 147.000000
0.736583 1.024580 0.770791 0.763207 148.000000
0.736648 1.004713 0.771183 0.768112 149.000000
0.736571 0.999542 0.771242 0.773694 150.000000
0.736359 1.022445 0.771264 0.765714 151.000000
0.736192 1.003377 0.771315 0.770710 152.000000
0.736068 0.991056 0.771412 0.777131 153.000000
0.735855 1.028046 0.771536 0.763755 154.000000
0.735908 0.983885 0.771436 0.777876 155.000000
0.735838 0.990509 0.771317 0.776281 156.000000
0.735528 1.078617 0.771615 0.744417 157.000000
0.735521 1.025496 0.771597 0.762076 158.000000
0.735631 0.999046 0.771645 0.774448 159.000000
0.735376 1.047086 0.771713 0.763477 160.000000
0.735481 0.990673 0.771445 0.777125 161.000000
0.734913 0.989365 0.771633 0.779671 162.000000
0.734923 1.007624 0.771765 0.770172 163.000000
0.735245 0.983460 0.771600 0.781543 164.000000
0.734960 1.035076 0.771622 0.762551 165.000000
0.734705 1.016405 0.771885 0.770928 166.000000
0.734247 1.016311 0.772132 0.765729 167.000000
0.734623 0.987872 0.771747 0.778789 168.000000
0.734270 1.048388 0.771887 0.758569 169.000000
0.734267 1.002562 0.771994 0.771176 170.000000
0.734373 0.983602 0.772074 0.781593 171.000000
0.733965 0.995617 0.772138 0.776020 172.000000
0.733940 0.995425 0.772276 0.775766 173.000000
0.733832 0.987355 0.772133 0.776980 174.000000
0.733774 0.968695 0.772248 0.788787 175.000000
0.733710 0.988594 0.772282 0.776297 176.000000
0.733534 0.993916 0.772405 0.776634 177.000000
0.733271 1.046010 0.772311 0.751177 178.000000
0.733272 0.998740 0.772387 0.772952 179.000000
0.733345 0.989198 0.772236 0.774394 180.000000
0.732996 0.988663 0.772461 0.777274 181.000000
0.733107 0.997287 0.772392 0.772306 182.000000
0.732699 1.012580 0.772427 0.767794 183.000000
0.732427 0.983067 0.772635 0.780955 184.000000
0.732644 0.995682 0.772559 0.775336 185.000000
0.732529 0.996427 0.772625 0.776059 186.000000
0.732512 0.995857 0.772718 0.772156 187.000000
0.732486 0.986287 0.772815 0.776607 188.000000
0.732146 0.970710 0.772421 0.784676 189.000000
0.732254 0.997365 0.772807 0.775325 190.000000
0.732027 1.006537 0.772861 0.771378 191.000000
0.731914 1.005897 0.772827 0.772129 192.000000
0.731858 0.985186 0.772952 0.779782 193.000000
0.731714 0.983046 0.773015 0.781122 194.000000
0.731768 0.984298 0.772779 0.779727 195.000000
0.731575 0.987530 0.773085 0.776185 196.000000
0.731311 0.976851 0.772862 0.780359 197.000000
0.731167 1.004133 0.772947 0.771303 198.000000
0.731326 0.990363 0.773185 0.777113 199.000000
0.731196 0.993484 0.772822 0.776031 200.000000
0.730912 1.014240 0.773182 0.765378 201.000000
0.730885 0.982926 0.773286 0.778684 202.000000
0.730562 1.006537 0.773139 0.769125 203.000000
0.730761 1.003712 0.773159 0.770292 204.000000
0.730636 0.962478 0.773280 0.789058 205.000000
0.730519 0.999837 0.773346 0.771662 206.000000
0.730675 0.989400 0.773320 0.776737 207.000000
0.730260 0.959436 0.773250 0.789104 208.000000
0.730174 0.979378 0.773449 0.779235 209.000000
0.730362 0.981479 0.773461 0.782202 210.000000
0.730364 0.976157 0.773450 0.783156 211.000000
0.730287 0.991105 0.773558 0.775385 212.000000
0.730164 0.989529 0.773388 0.775734 213.000000
0.730026 0.993424 0.773426 0.773754 214.000000
0.729853 0.990544 0.773548 0.774010 215.000000
0.729969 0.999959 0.773475 0.769301 216.000000
0.729525 0.986881 0.773596 0.778269 217.000000
0.729511 1.008148 0.773808 0.767518 218.000000
0.729679 0.973626 0.773629 0.782744 219.000000
0.729505 0.971446 0.773678 0.785292 220.000000
0.729576 0.988016 0.773708 0.776766 221.000000
0.729162 0.985277 0.773864 0.775111 222.000000
0.729572 0.986836 0.773708 0.774087 223.000000
0.729370 0.968359 0.773738 0.783885 224.000000
0.729286 0.987905 0.773867 0.778985 225.000000
0.729216 0.976980 0.773787 0.782636 226.000000
0.728828 0.990030 0.773829 0.777145 227.000000
0.728696 0.978939 0.774028 0.780098 228.000000
0.728883 1.005804 0.773770 0.767545 229.000000
0.728622 0.984710 0.773992 0.777732 230.000000
0.729316 0.974582 0.773737 0.783161 231.000000
0.728743 0.976804 0.774031 0.782551 232.000000
0.728536 0.963370 0.774101 0.787631 233.000000
0.728553 0.990614 0.774072 0.776604 234.000000
0.728543 0.967646 0.774123 0.786608 235.000000
0.728761 0.983718 0.774104 0.778246 236.000000
0.728613 0.986690 0.773880 0.777646 237.000000
0.728184 0.978126 0.774346 0.780538 238.000000
0.728238 0.972240 0.774368 0.783098 239.000000
0.728371 0.983783 0.774278 0.777901 240.000000
0.728239 0.990602 0.774222 0.776272 241.000000
0.727992 0.987301 0.774260 0.776266 242.000000
0.727789 0.974544 0.774344 0.782329 243.000000
0.728100 0.978488 0.774411 0.779667 244.000000
0.728016 0.972389 0.774254 0.783930 245.000000
0.727459 0.975078 0.774453 0.781399 246.000000
0.727544 0.977961 0.774496 0.779468 247.000000
0.727697 0.977507 0.774416 0.781862 248.000000
0.727468 0.976511 0.774640 0.782060 249.000000
0.727577 0.982336 0.774489 0.778244 250.000000
0.727830 0.973363 0.774371 0.782632 251.000000
0.727375 0.981939 0.774450 0.779813 252.000000
0.727565 0.976190 0.774584 0.781888 253.000000
0.727492 0.975265 0.774320 0.781799 254.000000
0.727247 0.976206 0.774487 0.780627 255.000000
0.727202 0.973545 0.774720 0.782329 256.000000
0.727326 0.978968 0.774591 0.780019 257.000000
0.727137 0.968548 0.774611 0.785739 258.000000
0.727071 0.978988 0.774586 0.780010 259.000000
0.727072 0.979258 0.774733 0.780973 260.000000
0.727006 0.972103 0.774612 0.783042 261.000000
0.726938 0.972759 0.774631 0.783351 262.000000
0.727044 0.972665 0.774556 0.783274 263.000000
0.726908 0.979441 0.774644 0.780657 264.000000
0.726678 0.981261 0.774677 0.779196 265.000000
0.726640 0.974803 0.774979 0.782328 266.000000
0.726911 0.978423 0.774551 0.780642 267.000000
0.726635 0.971705 0.774704 0.783890 268.000000
0.726725 0.971075 0.774885 0.783933 269.000000
0.726802 0.981025 0.774687 0.780296 270.000000
0.726728 0.975311 0.774599 0.782168 271.000000
0.726808 0.973879 0.774735 0.782600 272.000000
0.726491 0.977382 0.774895 0.781121 273.000000
0.726648 0.974612 0.774677 0.782612 274.000000
0.726664 0.970848 0.774751 0.783866 275.000000
0.726468 0.976395 0.774903 0.781706 276.000000
0.726858 0.975423 0.774789 0.782076 277.000000
0.726376 0.973231 0.774778 0.782927 278.000000
0.726578 0.973624 0.774786 0.782870 279.000000
0.726439 0.976990 0.774837 0.781365 280.000000
0.726835 0.976334 0.774784 0.781471 281.000000
0.726768 0.973887 0.774929 0.782668 282.000000
0.726413 0.974729 0.774857 0.782069 283.000000
0.726341 0.975021 0.774861 0.782124 284.000000
0.726536 0.974301 0.774849 0.782257 285.000000
0.726449 0.975232 0.774822 0.782025 286.000000
0.726324 0.975656 0.774910 0.781784 287.000000
0.726079 0.974258 0.774760 0.782535 288.000000
0.726511 0.974786 0.774856 0.782207 289.000000
0.726488 0.975225 0.775003 0.782045 290.000000
0.726555 0.974225 0.774848 0.782443 291.000000
0.726312 0.974071 0.774868 0.782478 292.000000
0.726067 0.973975 0.774965 0.782566 293.000000
0.726142 0.974559 0.774943 0.782310 294.000000
0.726571 0.974644 0.774895 0.782250 295.000000
0.726421 0.974445 0.774909 0.782376 296.000000
0.726346 0.974480 0.774954 0.782316 297.000000
0.726286 0.974214 0.775035 0.782473 298.000000
0.725978 0.974605 0.774943 0.782284 299.000000
