1.628753 1.186350 0.531336 0.698707 0.000000
1.112466 1.055250 0.727162 0.745847 1.000000
1.059265 1.026035 0.747716 0.757778 2.000000
1.035484 1.012729 0.756976 0.764206 3.000000
1.021098 1.000082 0.762629 0.768018 4.000000
1.010458 0.990596 0.767083 0.772430 5.000000
1.002216 0.985257 0.770219 0.774512 6.000000
0.995340 0.980347 0.772999 0.776935 7.000000
0.989675 0.973879 0.775079 0.779715 8.000000
0.984888 0.967058 0.777192 0.782452 9.000000
0.980759 0.962786 0.778607 0.784378 10.000000
0.977064 0.960187 0.780209 0.785237 11.000000
0.974293 0.957375 0.781295 0.785987 12.000000
0.971772 0.960779 0.782328 0.785130 13.000000
0.969745 0.953969 0.783039 0.787699 14.000000
0.967969 0.949954 0.783882 0.789541 15.000000
0.966467 0.950291 0.784433 0.789058 16.000000
0.965272 0.947347 0.785000 0.790798 17.000000
0.964103 0.945990 0.785429 0.790999 18.000000
0.963156 0.944672 0.785963 0.791757 19.000000
0.962332 0.945013 0.786307 0.791536 20.000000
0.961444 0.943581 0.786640 0.791908 21.000000
0.960852 0.946448 0.786797 0.790850 22.000000
0.960047 0.940054 0.787347 0.793806 23.000000
0.959571 0.944563 0.787375 0.792034 24.000000
0.959007 0.937869 0.787727 0.794789 25.000000
0.958302 0.940496 0.788098 0.793373 26.000000
0.958038 0.938026 0.788173 0.795006 27.000000
0.957500 0.936450 0.788495 0.794972 28.000000
0.956976 0.936024 0.788553 0.795978 29.000000
0.956590 0.936598 0.788822 0.795441 30.000000
0.956133 0.937128 0.789010 0.795084 31.000000
0.955827 0.936273 0.789290 0.795332 32.000000
0.955434 0.937199 0.789179 0.795321 33.000000
0.955164 0.938966 0.789538 0.794679 34.000000
0.954785 0.942862 0.789536 0.792604 35.000000
0.954489 0.934588 0.789782 0.796072 36.000000
0.954319 0.935056 0.789904 0.796171 37.000000
0.953956 0.936962 0.789950 0.795342 38.000000
0.953678 0.934639 0.789987 0.795986 39.000000
0.953414 0.938567 0.790164 0.794954 40.000000
0.953307 0.934507 0.790140 0.796760 41.000000
0.953102 0.932621 0.790240 0.797474 42.000000
0.952644 0.933290 0.790573 0.796868 43.000000
0.952407 0.931977 0.790675 0.797626 44.000000
0.952235 0.932753 0.790753 0.797017 45.000000
0.952008 0.930936 0.790888 0.798045 46.000000
0.951801 0.933510 0.791011 0.796767 47.000000
0.951515 0.933360 0.790936 0.797362 48.000000
0.951353 0.931900 0.791070 0.797882 49.000000
0.951215 0.929906 0.791268 0.798293 50.000000
0.950873 0.928097 0.791216 0.799645 51.000000
0.950766 0.929073 0.791425 0.798728 52.000000
0.950671 0.927463 0.791322 0.799831 53.000000
0.950410 0.928973 0.791576 0.799084 54.000000
0.950331 0.928127 0.791483 0.799400 55.000000
0.950140 0.927638 0.791507 0.799436 56.000000
0.949928 0.926641 0.791641 0.799959 57.000000
0.949853 0.929011 0.791612 0.798935 58.000000
0.949603 0.927191 0.791831 0.799905 59.000000
0.949497 0.925710 0.791883 0.800716 60.000000
0.949472 0.926594 0.791896 0.800247 61.000000
0.949154 0.925603 0.792037 0.800500 62.000000
0.949138 0.926634 0.791983 0.799799 63.000000
0.948983 0.926031 0.792247 0.800570 64.000000
0.948683 0.926267 0.792252 0.800200 65.000000
0.948616 0.926062 0.792290 0.800376 66.000000
0.948632 0.924546 0.792326 0.800784 67.000000
0.948254 0.924682 0.792438 0.800708 68.000000
0.948333 0.924414 0.792326 0.801149 69.000000
0.948340 0.925016 0.792331 0.800951 70.000000
0.948144 0.923988 0.792423 0.801154 71.000000
0.947881 0.924685 0.792625 0.800895 72.000000
0.947787 0.923871 0.792486 0.801244 73.000000
0.947606 0.923415 0.792673 0.801535 74.000000
0.947448 0.924212 0.792692 0.800926 75.000000
0.947551 0.923419 0.792617 0.801418 76.000000
0.947430 0.922989 0.792773 0.801957 77.000000
0.947286 0.923164 0.792798 0.801395 78.000000
0.947336 0.923260 0.792858 0.801276 79.000000
0.947144 0.922624 0.792860 0.801684 80.000000
0.947125 0.922683 0.792939 0.801589 81.000000
0.946990 0.922409 0.792938 0.801823 82.000000
0.947067 0.922450 0.792847 0.801797 83.000000
0.946897 0.922521 0.792983 0.801963 84.000000
0.946755 0.922550 0.792993 0.801681 85.000000
0.946843 0.922762 0.792992 0.801722 86.000000
0.946812 0.922346 0.792859 0.802008 87.000000
0.946691 0.922081 0.793014 0.801968 88.000000
0.946678 0.922280 0.793121 0.801977 89.000000
0.946717 0.922239 0.792977 0.801900 90.000000
0.946450 0.922219 0.793227 0.802099 91.000000
0.946406 0.922010 0.792968 0.802065 92.000000
0.946601 0.922063 0.793033 0.802058 93.000000
0.946588 0.922022 0.793146 0.802060 94.000000
0.946499 0.921999 0.792995 0.801983 95.000000
0.946523 0.921958 0.793029 0.802083 96.000000
0.946508 0.921969 0.793230 0.802040 97.000000
0.946354 0.921960 0.793070 0.802056 98.000000
0.946684 0.921951 0.793215 0.802056 99.000000
