1.614784 1.475540 0.396484 0.532319 0.000000
1.196957 1.378184 0.569426 0.583257 1.000000
1.128888 1.318233 0.608156 0.617492 2.000000
1.094498 1.306092 0.626119 0.618800 3.000000
1.071103 1.253483 0.637425 0.648480 4.000000
1.053092 1.280895 0.646864 0.636440 5.000000
1.039452 1.232054 0.654059 0.661315 6.000000
1.026960 1.231248 0.661023 0.661698 7.000000
1.017746 1.223249 0.666077 0.665793 8.000000
1.009167 1.186067 0.670870 0.684636 9.000000
1.001495 1.297424 0.674629 0.630280 10.000000
0.993810 1.200979 0.678480 0.674748 11.000000
0.987136 1.213216 0.681533 0.672656 12.000000
0.982175 1.176940 0.684636 0.689808 13.000000
0.977082 1.194644 0.686290 0.681018 14.000000
0.973106 1.179839 0.688485 0.688129 15.000000
0.970076 1.189023 0.690304 0.682646 16.000000
0.965950 1.151459 0.692017 0.699319 17.000000
0.963420 1.131668 0.693211 0.711142 18.000000
0.960934 1.158298 0.694614 0.698865 19.000000
0.958633 1.188291 0.695335 0.679300 20.000000
0.956166 1.175542 0.696363 0.689177 21.000000
0.954421 1.119358 0.697003 0.715171 22.000000
0.952085 1.123662 0.697837 0.715035 23.000000
0.950378 1.135670 0.698945 0.708689 24.000000
0.948732 1.106094 0.699740 0.722433 25.000000
0.947256 1.161826 0.700176 0.698405 26.000000
0.945347 1.144138 0.701148 0.705561 27.000000
0.943833 1.132591 0.701638 0.709985 28.000000
0.942692 1.121715 0.702441 0.714717 29.000000
0.941371 1.132198 0.702603 0.709841 30.000000
0.940008 1.126137 0.703038 0.715247 31.000000
0.939411 1.120092 0.703276 0.714100 32.000000
0.938571 1.130872 0.703853 0.711189 33.000000
0.937397 1.134521 0.704297 0.708195 34.000000
0.936723 1.115025 0.704392 0.719224 35.000000
0.934737 1.125928 0.705435 0.712456 36.000000
0.934132 1.144713 0.705304 0.704714 37.000000
0.933686 1.110721 0.705623 0.720962 38.000000
0.932642 1.145207 0.705889 0.704094 39.000000
0.931880 1.113232 0.706372 0.717344 40.000000
0.931140 1.126373 0.707075 0.714142 41.000000
0.929839 1.128087 0.707330 0.711146 42.000000
0.929291 1.121160 0.707382 0.713604 43.000000
0.928835 1.110943 0.707672 0.720360 44.000000
0.927426 1.131127 0.708128 0.708616 45.000000
0.927372 1.126545 0.708181 0.712801 46.000000
0.926586 1.121016 0.708420 0.713166 47.000000
0.926302 1.107169 0.708620 0.723558 48.000000
0.925179 1.117171 0.708920 0.717659 49.000000
0.924250 1.106096 0.709002 0.720793 50.000000
0.924345 1.108022 0.709277 0.720385 51.000000
0.923291 1.107108 0.709358 0.722475 52.000000
0.922737 1.139832 0.709488 0.707094 53.000000
0.922291 1.097425 0.709965 0.726335 54.000000
0.921978 1.118121 0.710166 0.717215 55.000000
0.921857 1.112378 0.710422 0.719917 56.000000
0.921287 1.108066 0.710488 0.720960 57.000000
0.919904 1.097758 0.710603 0.726802 58.000000
0.919715 1.130386 0.710868 0.710792 59.000000
0.918720 1.120456 0.711169 0.715700 60.000000
0.918878 1.106702 0.711195 0.722092 61.000000
0.918506 1.117734 0.711337 0.716237 62.000000
0.917330 1.099345 0.711709 0.725062 63.000000
0.917354 1.095148 0.711816 0.727967 64.000000
0.916775 1.109449 0.711754 0.720385 65.000000
0.916466 1.116720 0.712042 0.716280 66.000000
0.915713 1.123115 0.711974 0.715874 67.000000
0.915664 1.128159 0.712302 0.712030 68.000000
0.914843 1.110529 0.712547 0.720525 69.000000
0.914764 1.106624 0.712663 0.722401 70.000000
0.914492 1.113009 0.712759 0.719574 71.000000
0.914157 1.113429 0.712901 0.718365 72.000000
0.913716 1.106655 0.712987 0.722155 73.000000
0.913972 1.100146 0.712682 0.725630 74.000000
0.913233 1.110421 0.713188 0.720532 75.000000
0.913137 1.103777 0.712716 0.722906 76.000000
0.912083 1.099352 0.713343 0.725920 77.000000
0.912333 1.118901 0.713493 0.716656 78.000000
0.911955 1.107863 0.713429 0.722227 79.000000
0.912576 1.111077 0.713486 0.719644 80.000000
0.911845 1.101716 0.713782 0.724362 81.000000
0.911718 1.104038 0.713680 0.723007 82.000000
0.911799 1.108508 0.713624 0.721258 83.000000
0.910643 1.103629 0.713799 0.723433 84.000000
0.911075 1.103941 0.713888 0.723206 85.000000
0.910554 1.103250 0.713947 0.723488 86.000000
0.910967 1.105236 0.713671 0.722703 87.000000
0.911072 1.104631 0.713658 0.722940 88.000000
0.910030 1.104824 0.714142 0.722671 89.000000
0.909978 1.104370 0.714164 0.722983 90.000000
0.910360 1.105054 0.713950 0.722719 91.000000
0.909571 1.105626 0.714214 0.722437 92.000000
0.910179 1.104683 0.714006 0.722893 93.000000
0.909596 1.105421 0.713967 0.722579 94.000000
0.909892 1.105816 0.713912 0.722453 95.000000
0.909405 1.105739 0.714001 0.722500 96.000000
0.909952 1.105924 0.713988 0.722408 97.000000
0.909342 1.105559 0.714096 0.722550 98.000000
0.909820 1.105767 0.714359 0.722437 99.000000
