1.337523 1.287307 0.423031 0.667792 0.000000
0.913830 1.196394 0.669972 0.691127 1.000000
0.862523 1.169564 0.694976 0.701967 2.000000
0.838526 1.153864 0.705061 0.706344 3.000000
0.822846 1.134866 0.711686 0.713536 4.000000
0.811462 1.129231 0.716614 0.714905 5.000000
0.801982 1.112653 0.720835 0.720784 6.000000
0.794435 1.101044 0.724157 0.726320 7.000000
0.788169 1.131602 0.726836 0.708113 8.000000
0.782882 1.092872 0.729252 0.730677 9.000000
0.777959 1.091524 0.731279 0.732312 10.000000
0.773844 1.060180 0.732955 0.744372 11.000000
0.770178 1.073420 0.734441 0.737081 12.000000
0.766921 1.068737 0.735772 0.740084 13.000000
0.764307 1.063581 0.736796 0.741619 14.000000
0.762366 1.050040 0.737823 0.747495 15.000000
0.760152 1.061507 0.738469 0.742902 16.000000
0.758153 1.055710 0.739262 0.745891 17.000000
0.756750 1.060343 0.739919 0.741658 18.000000
0.755549 1.054524 0.740537 0.746938 19.000000
0.753934 1.057820 0.740842 0.743137 20.000000
0.752586 1.054520 0.741392 0.744997 21.000000
0.751461 1.067005 0.741730 0.739439 22.000000
0.750557 1.057830 0.742135 0.744521 23.000000
0.749798 1.046623 0.742547 0.749776 24.000000
0.749015 1.035576 0.743196 0.753596 25.000000
0.748309 1.044611 0.742924 0.748354 26.000000
0.747620 1.036252 0.743519 0.753359 27.000000
0.746521 1.045342 0.744039 0.747752 28.000000
0.746111 1.031906 0.744211 0.753844 29.000000
0.745633 1.059540 0.744126 0.742458 30.000000
0.744915 1.029070 0.744648 0.755942 31.000000
0.744074 1.041954 0.744755 0.749930 32.000000
0.743843 1.035388 0.745174 0.752340 33.000000
0.743473 1.025578 0.745330 0.757873 34.000000
0.742978 1.054199 0.745602 0.744444 35.000000
0.742333 1.043339 0.745710 0.750297 36.000000
0.742091 1.038564 0.745890 0.750788 37.000000
0.741508 1.045030 0.745853 0.748557 38.000000
0.741386 1.038664 0.746072 0.752833 39.000000
0.740972 1.038874 0.746238 0.751278 40.000000
0.740538 1.032708 0.746405 0.754331 41.000000
0.740085 1.031063 0.746582 0.755011 42.000000
0.739928 1.029704 0.746766 0.755104 43.000000
0.739477 1.030360 0.746881 0.754923 44.000000
0.739221 1.035801 0.746989 0.752577 45.000000
0.738862 1.029294 0.747089 0.756060 46.000000
0.738501 1.034662 0.747087 0.752874 47.000000
0.738416 1.026830 0.746934 0.756678 48.000000
0.738054 1.034730 0.747164 0.753733 49.000000
0.737731 1.025146 0.747305 0.756560 50.000000
0.737734 1.039982 0.747532 0.749650 51.000000
0.736915 1.026693 0.747780 0.755528 52.000000
0.736797 1.022972 0.747870 0.757194 53.000000
0.736706 1.034733 0.747815 0.751692 54.000000
0.736471 1.033501 0.747808 0.752913 55.000000
0.736093 1.028550 0.748045 0.756360 56.000000
0.735943 1.031909 0.748304 0.754348 57.000000
0.735514 1.020090 0.748188 0.759714 58.000000
0.735474 1.028136 0.748264 0.755467 59.000000
0.735288 1.030977 0.748413 0.753677 60.000000
0.735247 1.032864 0.748430 0.754351 61.000000
0.734795 1.026864 0.748712 0.756840 62.000000
0.734235 1.022875 0.748909 0.757634 63.000000
0.734155 1.025355 0.748928 0.756037 64.000000
0.733958 1.030349 0.748744 0.753719 65.000000
0.733856 1.029694 0.748963 0.754540 66.000000
0.733872 1.019245 0.748968 0.759103 67.000000
0.733504 1.028029 0.749010 0.754529 68.000000
0.733289 1.029366 0.749093 0.754301 69.000000
0.733300 1.035569 0.749329 0.751815 70.000000
0.733201 1.024220 0.749149 0.757376 71.000000
0.732767 1.025870 0.749254 0.756684 72.000000
0.732512 1.029451 0.749575 0.754772 73.000000
0.732659 1.030043 0.749241 0.754179 74.000000
0.732524 1.024855 0.749457 0.756339 75.000000
0.732582 1.029138 0.749306 0.754811 76.000000
0.732043 1.023023 0.749480 0.757338 77.000000
0.731987 1.022510 0.749519 0.757135 78.000000
0.731656 1.026563 0.749635 0.756116 79.000000
0.731714 1.025156 0.749687 0.756493 80.000000
0.731588 1.028235 0.749711 0.755014 81.000000
0.731510 1.020536 0.749765 0.758287 82.000000
0.731550 1.026106 0.749754 0.756403 83.000000
0.731412 1.023291 0.749722 0.757169 84.000000
0.731402 1.021090 0.749932 0.758740 85.000000
0.731137 1.022903 0.749978 0.757300 86.000000
0.731119 1.022109 0.749868 0.757956 87.000000
0.731141 1.023408 0.749872 0.757347 88.000000
0.731140 1.026071 0.749862 0.756179 89.000000
0.731010 1.023488 0.749952 0.757437 90.000000
0.731205 1.022996 0.749825 0.757582 91.000000
0.731125 1.022289 0.750081 0.757978 92.000000
0.730809 1.022524 0.749921 0.757735 93.000000
0.730779 1.022395 0.750046 0.757805 94.000000
0.730738 1.022948 0.750032 0.757561 95.000000
0.730824 1.022653 0.750026 0.757775 96.000000
0.731095 1.022747 0.750141 0.757739 97.000000
0.730706 1.022678 0.750072 0.757740 98.000000
0.730878 1.022757 0.749989 0.757667 99.000000
