1.555793 1.435884 0.369680 0.553550 0.000000
1.188494 1.374997 0.567880 0.584731 1.000000
1.122074 1.308089 0.610113 0.619943 2.000000
1.086776 1.333847 0.628685 0.608688 3.000000
1.061773 1.310764 0.641676 0.623654 4.000000
1.043535 1.220186 0.650874 0.670121 5.000000
1.030468 1.242034 0.658142 0.657920 6.000000
1.017132 1.231774 0.665035 0.662817 7.000000
1.006593 1.187984 0.669987 0.685430 8.000000
0.997626 1.244708 0.674877 0.652685 9.000000
0.989118 1.224404 0.679226 0.665482 10.000000
0.982695 1.154855 0.682583 0.700432 11.000000
0.975837 1.188695 0.685334 0.682030 12.000000
0.970975 1.197744 0.687753 0.678331 13.000000
0.966671 1.191199 0.689548 0.680384 14.000000
0.962726 1.170118 0.691243 0.690985 15.000000
0.959068 1.104430 0.692973 0.723580 16.000000
0.956695 1.163079 0.694426 0.695997 17.000000
0.953213 1.192497 0.695590 0.682989 18.000000
0.950587 1.138524 0.696932 0.706740 19.000000
0.947841 1.159200 0.697952 0.698685 20.000000
0.946091 1.153208 0.698525 0.701183 21.000000
0.944174 1.133383 0.699530 0.708716 22.000000
0.942596 1.142138 0.700095 0.706869 23.000000
0.940909 1.159558 0.701095 0.696875 24.000000
0.938771 1.132545 0.701894 0.710964 25.000000
0.937372 1.121909 0.702484 0.715768 26.000000
0.935457 1.129742 0.703019 0.712136 27.000000
0.934199 1.114378 0.703339 0.717394 28.000000
0.933179 1.133332 0.703972 0.710720 29.000000
0.932484 1.132996 0.704806 0.711038 30.000000
0.931040 1.142470 0.705307 0.705092 31.000000
0.930058 1.114542 0.705441 0.717908 32.000000
0.929136 1.115132 0.705787 0.717515 33.000000
0.928066 1.117087 0.706426 0.716411 34.000000
0.927000 1.150155 0.706500 0.701684 35.000000
0.925386 1.115720 0.707317 0.717109 36.000000
0.925179 1.121943 0.707587 0.715400 37.000000
0.924054 1.135896 0.708100 0.707918 38.000000
0.923466 1.119792 0.708186 0.715200 39.000000
0.922810 1.159231 0.708744 0.698223 40.000000
0.921820 1.117107 0.708590 0.717330 41.000000
0.920574 1.110451 0.709103 0.719129 42.000000
0.920691 1.118451 0.709175 0.715980 43.000000
0.919722 1.115915 0.709340 0.717898 44.000000
0.919320 1.132623 0.709646 0.710104 45.000000
0.918210 1.126645 0.710095 0.712275 46.000000
0.917352 1.116560 0.710526 0.716760 47.000000
0.916868 1.119728 0.710641 0.716061 48.000000
0.915960 1.117592 0.711048 0.716667 49.000000
0.915521 1.125942 0.711068 0.713272 50.000000
0.915189 1.124979 0.711024 0.714170 51.000000
0.914975 1.103500 0.711446 0.723898 52.000000
0.914267 1.109135 0.711655 0.721129 53.000000
0.913769 1.133115 0.711840 0.710603 54.000000
0.912941 1.103985 0.711984 0.723114 55.000000
0.912296 1.102293 0.712506 0.724020 56.000000
0.912641 1.109196 0.711807 0.721255 57.000000
0.911812 1.114867 0.712402 0.716384 58.000000
0.910904 1.125109 0.712619 0.714113 59.000000
0.911125 1.120049 0.712820 0.716519 60.000000
0.909512 1.123410 0.713381 0.715001 61.000000
0.910229 1.119402 0.712946 0.715297 62.000000
0.909449 1.105087 0.713054 0.721763 63.000000
0.909043 1.122609 0.713216 0.713901 64.000000
0.908344 1.103950 0.713863 0.722326 65.000000
0.908517 1.115021 0.713473 0.717957 66.000000
0.907250 1.111935 0.714050 0.719770 67.000000
0.906859 1.104909 0.713870 0.722243 68.000000
0.907084 1.106537 0.714174 0.723195 69.000000
0.906687 1.103196 0.714193 0.722895 70.000000
0.906254 1.112260 0.714350 0.719488 71.000000
0.905367 1.110396 0.714390 0.719959 72.000000
0.905863 1.116541 0.714323 0.717499 73.000000
0.905564 1.107182 0.714700 0.721564 74.000000
0.904984 1.106794 0.714498 0.721564 75.000000
0.905411 1.115905 0.714965 0.717950 76.000000
0.904414 1.115086 0.715003 0.718289 77.000000
0.903731 1.100194 0.715177 0.723887 78.000000
0.903870 1.112741 0.715398 0.718985 79.000000
0.903196 1.102121 0.715503 0.723806 80.000000
0.903685 1.108849 0.714882 0.721060 81.000000
0.903718 1.110143 0.715335 0.720013 82.000000
0.903353 1.105629 0.715396 0.721752 83.000000
0.903115 1.107163 0.715255 0.721414 84.000000
0.902713 1.107973 0.715217 0.721341 85.000000
0.903127 1.109294 0.715401 0.720724 86.000000
0.902185 1.105626 0.715574 0.722295 87.000000
0.902202 1.104476 0.715639 0.722928 88.000000
0.901986 1.106022 0.715659 0.721943 89.000000
0.901782 1.105475 0.715738 0.722604 90.000000
0.902024 1.105853 0.715495 0.722227 91.000000
0.901802 1.104405 0.715618 0.723037 92.000000
0.901812 1.106202 0.715838 0.722087 93.000000
0.902317 1.105818 0.715499 0.722266 94.000000
0.901896 1.105395 0.715797 0.722441 95.000000
0.901629 1.105862 0.715869 0.722216 96.000000
0.901898 1.105702 0.715972 0.722304 97.000000
0.901219 1.105660 0.715890 0.722279 98.000000
0.901310 1.105041 0.715704 0.722583 99.000000
