1.612341 1.455674 0.362588 0.545363 0.000000
1.206714 1.374905 0.564289 0.583250 1.000000
1.139049 1.328095 0.603608 0.612803 2.000000
1.104755 1.294135 0.622357 0.628341 3.000000
1.081174 1.294215 0.634605 0.629442 4.000000
1.062968 1.269585 0.644446 0.641696 5.000000
1.048430 1.252843 0.652512 0.651451 6.000000
1.035673 1.252610 0.658846 0.651104 7.000000
1.025665 1.221567 0.664464 0.666634 8.000000
1.016375 1.211711 0.669245 0.673318 9.000000
1.007634 1.253254 0.673591 0.650400 10.000000
1.000893 1.186924 0.677756 0.684149 11.000000
0.994776 1.178822 0.680868 0.690445 12.000000
0.988974 1.199282 0.683277 0.678234 13.000000
0.983612 1.138425 0.686066 0.706459 14.000000
0.978999 1.153288 0.687920 0.700338 15.000000
0.976053 1.162233 0.689104 0.693040 16.000000
0.972525 1.180937 0.690635 0.688278 17.000000
0.969310 1.180758 0.692395 0.685029 18.000000
0.966723 1.163664 0.693708 0.695979 19.000000
0.963611 1.146333 0.695048 0.703086 20.000000
0.961300 1.134024 0.695759 0.709595 21.000000
0.959237 1.158508 0.696692 0.697463 22.000000
0.957773 1.144264 0.697526 0.703683 23.000000
0.955453 1.165460 0.698509 0.695452 24.000000
0.953758 1.143548 0.699467 0.704615 25.000000
0.952344 1.120961 0.699799 0.716526 26.000000
0.951050 1.135368 0.700710 0.709496 27.000000
0.949481 1.120395 0.701126 0.716235 28.000000
0.947384 1.144813 0.701908 0.702957 29.000000
0.947016 1.146831 0.702025 0.703142 30.000000
0.946451 1.135531 0.702344 0.708788 31.000000
0.943912 1.153789 0.703107 0.700647 32.000000
0.943758 1.109941 0.703240 0.720530 33.000000
0.942476 1.117307 0.703641 0.716404 34.000000
0.942005 1.145489 0.704084 0.701959 35.000000
0.940519 1.143478 0.705107 0.704671 36.000000
0.939268 1.143485 0.705422 0.705719 37.000000
0.938628 1.132314 0.705647 0.709762 38.000000
0.937855 1.125430 0.705638 0.712699 39.000000
0.936857 1.146631 0.706031 0.702304 40.000000
0.935729 1.131209 0.706491 0.711437 41.000000
0.935735 1.134771 0.706286 0.707742 42.000000
0.934530 1.125912 0.707159 0.714354 43.000000
0.934217 1.141004 0.707235 0.706468 44.000000
0.933122 1.122673 0.707581 0.714429 45.000000
0.933440 1.150847 0.707415 0.700218 46.000000
0.931860 1.114597 0.707788 0.717729 47.000000
0.931446 1.119202 0.708014 0.715768 48.000000
0.930570 1.119794 0.708542 0.716120 49.000000
0.929813 1.126169 0.708646 0.711556 50.000000
0.929330 1.110022 0.708933 0.719811 51.000000
0.929240 1.120267 0.708803 0.715565 52.000000
0.928216 1.153134 0.709691 0.700622 53.000000
0.928429 1.127056 0.709284 0.712179 54.000000
0.927205 1.129285 0.709477 0.712093 55.000000
0.926681 1.143579 0.709969 0.704346 56.000000
0.926605 1.114612 0.709998 0.718014 57.000000
0.925619 1.118666 0.709997 0.715538 58.000000
0.925797 1.117940 0.710341 0.715646 59.000000
0.924806 1.113631 0.710553 0.718602 60.000000
0.924144 1.121163 0.710754 0.714158 61.000000
0.923940 1.106718 0.710930 0.722613 62.000000
0.923401 1.114171 0.711153 0.716189 63.000000
0.922973 1.111358 0.711017 0.719319 64.000000
0.922478 1.112096 0.711520 0.720059 65.000000
0.921358 1.118215 0.711595 0.716482 66.000000
0.921741 1.114029 0.711372 0.717200 67.000000
0.921297 1.126926 0.711581 0.711958 68.000000
0.920838 1.117448 0.711895 0.716575 69.000000
0.920943 1.117188 0.711722 0.716742 70.000000
0.919957 1.114626 0.712393 0.718117 71.000000
0.919605 1.110628 0.712293 0.719991 72.000000
0.919750 1.115506 0.712274 0.717472 73.000000
0.919669 1.113726 0.712448 0.718510 74.000000
0.918958 1.107185 0.712859 0.721776 75.000000
0.919200 1.108061 0.712554 0.720656 76.000000
0.918707 1.115183 0.712886 0.717845 77.000000
0.917731 1.101407 0.713004 0.723623 78.000000
0.918446 1.108932 0.712861 0.720088 79.000000
0.917010 1.114027 0.713247 0.717714 80.000000
0.917693 1.110029 0.713097 0.720049 81.000000
0.917029 1.111672 0.713330 0.718676 82.000000
0.917024 1.117513 0.713270 0.716431 83.000000
0.916631 1.108169 0.713218 0.720536 84.000000
0.917064 1.108033 0.713364 0.720987 85.000000
0.916690 1.106128 0.713582 0.721578 86.000000
0.916332 1.107087 0.713376 0.720888 87.000000
0.916141 1.110507 0.713617 0.719772 88.000000
0.915472 1.108485 0.713619 0.720586 89.000000
0.915838 1.106824 0.713427 0.721355 90.000000
0.915498 1.108880 0.713997 0.720500 91.000000
0.915080 1.109194 0.713972 0.720424 92.000000
0.915317 1.108248 0.713703 0.720778 93.000000
0.915776 1.108741 0.713773 0.720559 94.000000
0.915401 1.108892 0.713837 0.720473 95.000000
0.915903 1.108448 0.713830 0.720771 96.000000
0.914939 1.108761 0.713744 0.720566 97.000000
0.915372 1.108428 0.713771 0.720676 98.000000
0.915036 1.108599 0.713867 0.720654 99.000000
