1.469440 1.402488 0.391615 0.585574 0.000000
1.077039 1.281568 0.616304 0.640009 1.000000
1.018849 1.272052 0.646128 0.642663 2.000000
0.988370 1.240656 0.660469 0.657146 3.000000
0.967591 1.207813 0.669742 0.675289 4.000000
0.951488 1.224699 0.677340 0.665152 5.000000
0.938732 1.164390 0.683849 0.695822 6.000000
0.928410 1.180731 0.688909 0.685563 7.000000
0.919140 1.168536 0.693421 0.691324 8.000000
0.911658 1.193923 0.697120 0.680813 9.000000
0.904647 1.139874 0.700567 0.706373 10.000000
0.898087 1.142202 0.703279 0.706644 11.000000
0.893365 1.164877 0.705667 0.694126 12.000000
0.888987 1.127023 0.707614 0.712841 13.000000
0.885092 1.119756 0.709189 0.715826 14.000000
0.881672 1.130627 0.710728 0.711732 15.000000
0.879220 1.133838 0.711821 0.709795 16.000000
0.876527 1.115642 0.712827 0.717615 17.000000
0.874085 1.107678 0.713633 0.722162 18.000000
0.871792 1.107138 0.714914 0.720537 19.000000
0.869955 1.102379 0.715873 0.725521 20.000000
0.868443 1.122922 0.716296 0.716253 21.000000
0.866911 1.095092 0.717026 0.727311 22.000000
0.865248 1.109860 0.717663 0.721555 23.000000
0.864528 1.095335 0.718037 0.726274 24.000000
0.862388 1.109226 0.718671 0.719556 25.000000
0.861564 1.104828 0.718929 0.722672 26.000000
0.860335 1.066706 0.719431 0.742296 27.000000
0.859042 1.110052 0.720232 0.722099 28.000000
0.857989 1.107385 0.720378 0.721571 29.000000
0.857313 1.092762 0.720581 0.727787 30.000000
0.856315 1.086338 0.721056 0.732166 31.000000
0.855800 1.094692 0.721462 0.725697 32.000000
0.854845 1.085826 0.721561 0.731740 33.000000
0.853654 1.091759 0.722314 0.727456 34.000000
0.852880 1.076215 0.722264 0.735805 35.000000
0.852732 1.100671 0.722148 0.724200 36.000000
0.851657 1.083007 0.722702 0.733913 37.000000
0.851221 1.084152 0.722608 0.731205 38.000000
0.850379 1.110898 0.723419 0.718970 39.000000
0.849956 1.096283 0.723368 0.726750 40.000000
0.849014 1.077412 0.723620 0.734688 41.000000
0.848560 1.084733 0.724004 0.731284 42.000000
0.848202 1.078179 0.724028 0.735992 43.000000
0.847569 1.091945 0.724080 0.727586 44.000000
0.846478 1.092195 0.724318 0.725727 45.000000
0.846466 1.094482 0.724711 0.727717 46.000000
0.845910 1.073741 0.724839 0.736610 47.000000
0.845436 1.071378 0.724934 0.738492 48.000000
0.845122 1.075075 0.724923 0.735464 49.000000
0.844308 1.087184 0.725383 0.731458 50.000000
0.844072 1.090651 0.725475 0.727825 51.000000
0.843975 1.094080 0.725762 0.726876 52.000000
0.843645 1.067353 0.725592 0.739076 53.000000
0.842660 1.079021 0.726035 0.734776 54.000000
0.842214 1.085116 0.726053 0.731271 55.000000
0.842008 1.086122 0.726259 0.730015 56.000000
0.841788 1.075517 0.726332 0.736307 57.000000
0.841346 1.077426 0.726452 0.735153 58.000000
0.840709 1.083512 0.726658 0.732060 59.000000
0.840331 1.083041 0.726779 0.731987 60.000000
0.839561 1.071481 0.726877 0.737818 61.000000
0.839361 1.090449 0.727187 0.728996 62.000000
0.839472 1.081079 0.726921 0.733640 63.000000
0.838707 1.073059 0.727159 0.736131 64.000000
0.838670 1.081138 0.727093 0.733313 65.000000
0.838105 1.079689 0.727245 0.733723 66.000000
0.838227 1.070707 0.727526 0.737757 67.000000
0.837793 1.073910 0.727608 0.736458 68.000000
0.837534 1.083708 0.727698 0.731864 69.000000
0.836821 1.084307 0.727719 0.730430 70.000000
0.836748 1.071668 0.727954 0.737347 71.000000
0.836487 1.075899 0.727906 0.733983 72.000000
0.836176 1.081433 0.727972 0.732653 73.000000
0.835788 1.079198 0.728147 0.733660 74.000000
0.835625 1.076313 0.728205 0.734919 75.000000
0.835583 1.074389 0.728340 0.735236 76.000000
0.835456 1.075275 0.728368 0.735072 77.000000
0.835139 1.068943 0.728416 0.737994 78.000000
0.834964 1.069703 0.728610 0.737793 79.000000
0.834375 1.067065 0.728535 0.739369 80.000000
0.834603 1.070260 0.728459 0.738418 81.000000
0.834277 1.071418 0.728572 0.736849 82.000000
0.834289 1.075028 0.728638 0.735358 83.000000
0.833971 1.072191 0.728844 0.736519 84.000000
0.833966 1.073070 0.728708 0.736314 85.000000
0.833939 1.068327 0.728718 0.738258 86.000000
0.833840 1.071516 0.728957 0.737175 87.000000
0.833185 1.070800 0.729154 0.737392 88.000000
0.833587 1.071378 0.729034 0.737166 89.000000
0.833604 1.072230 0.729047 0.736853 90.000000
0.833092 1.071418 0.729088 0.737132 91.000000
0.833205 1.070713 0.729255 0.737448 92.000000
0.832896 1.070812 0.729068 0.737385 93.000000
0.833241 1.070394 0.729114 0.737509 94.000000
0.833282 1.070147 0.729245 0.737565 95.000000
0.833233 1.070830 0.729227 0.737272 96.000000
0.833231 1.070591 0.729114 0.737345 97.000000
0.833121 1.070625 0.728958 0.737337 98.000000
0.833046 1.070857 0.729062 0.737295 99.000000
