1.204056 1.264859 0.447943 0.660287 0.000000
0.828879 1.162754 0.681261 0.699819 1.000000
0.785209 1.128563 0.705476 0.714036 2.000000
0.764536 1.114257 0.715820 0.718061 3.000000
0.751438 1.115255 0.722627 0.717815 4.000000
0.742242 1.086527 0.727548 0.732614 5.000000
0.735086 1.094083 0.731483 0.728161 6.000000
0.728992 1.086033 0.734477 0.729251 7.000000
0.724090 1.067623 0.737077 0.738016 8.000000
0.719943 1.059690 0.738783 0.741425 9.000000
0.715966 1.057090 0.740695 0.741721 10.000000
0.712642 1.081793 0.742486 0.727958 11.000000
0.709827 1.049929 0.743520 0.744983 12.000000
0.707566 1.042167 0.744792 0.747857 13.000000
0.705505 1.062552 0.745670 0.738131 14.000000
0.703740 1.048296 0.746676 0.745042 15.000000
0.702067 1.048204 0.747489 0.743712 16.000000
0.700700 1.028939 0.747748 0.752892 17.000000
0.699710 1.036889 0.748442 0.750928 18.000000
0.698449 1.041647 0.748877 0.749316 19.000000
0.697604 1.029136 0.749378 0.755352 20.000000
0.696953 1.031102 0.749838 0.752976 21.000000
0.695962 1.022846 0.750112 0.756558 22.000000
0.695320 1.036118 0.750523 0.750331 23.000000
0.694622 1.006529 0.750707 0.765391 24.000000
0.694070 1.016777 0.750915 0.758718 25.000000
0.693596 1.028912 0.751402 0.755827 26.000000
0.693084 1.036185 0.751571 0.750667 27.000000
0.692486 1.025064 0.751893 0.754860 28.000000
0.692086 1.012558 0.751919 0.762170 29.000000
0.691653 1.036385 0.752266 0.747928 30.000000
0.691203 1.025646 0.752384 0.755911 31.000000
0.690736 1.018952 0.752621 0.757697 32.000000
0.690656 1.006018 0.752727 0.763694 33.000000
0.690254 1.009815 0.753003 0.762600 34.000000
0.689818 1.027404 0.753005 0.754581 35.000000
0.689308 1.023649 0.753078 0.755561 36.000000
0.689012 1.049542 0.753468 0.744397 37.000000
0.688892 1.005362 0.753497 0.763974 38.000000
0.688701 1.013202 0.753510 0.762240 39.000000
0.688318 1.004889 0.753829 0.765606 40.000000
0.687980 1.022296 0.753927 0.756491 41.000000
0.687682 1.021568 0.754112 0.755656 42.000000
0.687426 1.003364 0.754102 0.764832 43.000000
0.687193 1.006606 0.754333 0.763071 44.000000
0.686985 1.025065 0.754202 0.755663 45.000000
0.686683 1.009509 0.754486 0.762084 46.000000
0.686678 1.006007 0.754458 0.763773 47.000000
0.686487 1.007148 0.754641 0.761694 48.000000
0.685966 1.002994 0.754715 0.764947 49.000000
0.685817 1.007529 0.754712 0.761590 50.000000
0.685695 1.024237 0.754924 0.754894 51.000000
0.685597 1.005843 0.755073 0.763872 52.000000
0.685106 1.020412 0.755252 0.756342 53.000000
0.684969 1.002245 0.755165 0.765709 54.000000
0.684768 1.000175 0.755371 0.766233 55.000000
0.684673 1.003642 0.755460 0.764727 56.000000
0.684541 1.018208 0.755602 0.757674 57.000000
0.684324 1.006364 0.755555 0.762305 58.000000
0.683884 1.017032 0.755651 0.757947 59.000000
0.683856 1.005125 0.755508 0.764057 60.000000
0.683655 1.006349 0.755965 0.763042 61.000000
0.683702 1.009743 0.755763 0.762239 62.000000
0.683459 1.004071 0.755971 0.765222 63.000000
0.683302 1.007749 0.755850 0.762305 64.000000
0.682983 1.001618 0.755887 0.764621 65.000000
0.683147 1.000428 0.755943 0.766977 66.000000
0.682895 1.005579 0.756112 0.763202 67.000000
0.682690 1.003419 0.756302 0.764506 68.000000
0.682622 1.005418 0.756220 0.763937 69.000000
0.682595 0.997649 0.756298 0.767765 70.000000
0.682347 1.003193 0.756463 0.764878 71.000000
0.682324 1.002864 0.756341 0.764907 72.000000
0.682232 0.999180 0.756483 0.766020 73.000000
0.682022 1.000273 0.756505 0.766776 74.000000
0.681939 1.007185 0.756599 0.762805 75.000000
0.681826 1.003724 0.756582 0.764494 76.000000
0.681674 1.005514 0.756582 0.762736 77.000000
0.681668 1.003315 0.756522 0.764312 78.000000
0.681574 1.001378 0.756596 0.765112 79.000000
0.681392 1.002749 0.756802 0.764959 80.000000
0.681219 0.999342 0.756677 0.766589 81.000000
0.681303 1.001448 0.756672 0.765595 82.000000
0.681105 1.004644 0.756889 0.763739 83.000000
0.681100 1.002569 0.756952 0.764923 84.000000
0.681005 1.003170 0.756847 0.764841 85.000000
0.681069 1.003336 0.756852 0.764381 86.000000
0.680848 1.000668 0.756930 0.765985 87.000000
0.680943 1.000473 0.756729 0.765870 88.000000
0.680737 1.003295 0.757007 0.764249 89.000000
0.680805 1.001803 0.756984 0.765080 90.000000
0.680690 1.001246 0.757065 0.765295 91.000000
0.680641 1.000630 0.757102 0.765574 92.000000
0.680673 1.000881 0.757012 0.765570 93.000000
0.680678 1.001503 0.756944 0.765335 94.000000
0.680552 1.001003 0.757058 0.765511 95.000000
0.680693 1.001465 0.757084 0.765358 96.000000
0.680715 1.001450 0.757142 0.765281 97.000000
0.680535 1.001172 0.757000 0.765421 98.000000
0.680659 1.001304 0.757174 0.765373 99.000000
