1.275971 1.285459 0.473893 0.653322 0.000000
0.945863 1.207811 0.660297 0.685865 1.000000
0.894341 1.150475 0.686252 0.707818 2.000000
0.869380 1.158207 0.696985 0.703861 3.000000
0.852563 1.146654 0.704586 0.708456 4.000000
0.839930 1.141438 0.710227 0.709478 5.000000
0.829564 1.140759 0.714675 0.709263 6.000000
0.821058 1.157415 0.718362 0.704326 7.000000
0.813726 1.099695 0.721659 0.728570 8.000000
0.807730 1.134606 0.723973 0.711096 9.000000
0.802366 1.091154 0.726207 0.730677 10.000000
0.797425 1.089032 0.728110 0.731426 11.000000
0.793357 1.083121 0.729810 0.734761 12.000000
0.790528 1.060319 0.731091 0.744706 13.000000
0.787863 1.080756 0.732087 0.734294 14.000000
0.785452 1.057871 0.733040 0.744487 15.000000
0.783601 1.060825 0.733583 0.741745 16.000000
0.781394 1.073226 0.734683 0.738300 17.000000
0.780156 1.087014 0.735154 0.731755 18.000000
0.778465 1.052570 0.735890 0.746232 19.000000
0.776762 1.077953 0.736406 0.735478 20.000000
0.775752 1.060243 0.736781 0.743103 21.000000
0.774880 1.038671 0.737100 0.751774 22.000000
0.773617 1.041727 0.737492 0.751345 23.000000
0.772858 1.052636 0.738116 0.745777 24.000000
0.772205 1.043081 0.738227 0.749893 25.000000
0.771035 1.046714 0.738657 0.747100 26.000000
0.770554 1.044734 0.738978 0.748241 27.000000
0.769902 1.064544 0.739166 0.739058 28.000000
0.769307 1.038597 0.739231 0.753602 29.000000
0.768642 1.049558 0.739682 0.746915 30.000000
0.767918 1.059866 0.739964 0.743173 31.000000
0.767295 1.062832 0.740202 0.741648 32.000000
0.767034 1.064275 0.740191 0.743434 33.000000
0.766254 1.050656 0.740404 0.746741 34.000000
0.765774 1.047354 0.740609 0.748106 35.000000
0.765258 1.047901 0.740883 0.748385 36.000000
0.765012 1.051438 0.740988 0.745995 37.000000
0.764392 1.060019 0.741149 0.742924 38.000000
0.763925 1.048071 0.741214 0.747869 39.000000
0.763781 1.053494 0.741354 0.743226 40.000000
0.763309 1.057120 0.741771 0.744327 41.000000
0.762658 1.046516 0.741844 0.749174 42.000000
0.762565 1.029109 0.741760 0.755534 43.000000
0.761968 1.066040 0.742064 0.740600 44.000000
0.761904 1.061569 0.742175 0.743705 45.000000
0.761258 1.036060 0.742377 0.752755 46.000000
0.761077 1.033520 0.742460 0.753510 47.000000
0.760893 1.041952 0.742576 0.751025 48.000000
0.760637 1.041766 0.742661 0.749894 49.000000
0.759859 1.057652 0.742780 0.742609 50.000000
0.759574 1.031098 0.742988 0.755995 51.000000
0.759486 1.031371 0.742823 0.753652 52.000000
0.759087 1.051527 0.743047 0.747246 53.000000
0.758982 1.041947 0.743373 0.749749 54.000000
0.758481 1.044068 0.743295 0.748983 55.000000
0.757957 1.047193 0.743329 0.748002 56.000000
0.758189 1.040114 0.743249 0.750703 57.000000
0.757648 1.027739 0.743771 0.755124 58.000000
0.757688 1.033476 0.743495 0.752223 59.000000
0.757412 1.045390 0.743848 0.748899 60.000000
0.757449 1.032418 0.743575 0.754454 61.000000
0.756890 1.044302 0.743995 0.748216 62.000000
0.756568 1.037834 0.743880 0.751665 63.000000
0.756378 1.034984 0.744102 0.752800 64.000000
0.756212 1.036349 0.743959 0.752340 65.000000
0.756170 1.040551 0.744012 0.750443 66.000000
0.755692 1.038531 0.744226 0.752065 67.000000
0.755458 1.041662 0.744159 0.750385 68.000000
0.755236 1.043097 0.744394 0.748615 69.000000
0.755305 1.032451 0.744509 0.753780 70.000000
0.754974 1.030708 0.744428 0.754881 71.000000
0.754933 1.034307 0.744410 0.752930 72.000000
0.754450 1.034393 0.744636 0.753363 73.000000
0.754597 1.032945 0.744668 0.753460 74.000000
0.754539 1.042674 0.744658 0.749077 75.000000
0.754154 1.037839 0.744852 0.751461 76.000000
0.754016 1.033993 0.744831 0.753303 77.000000
0.753596 1.035498 0.744780 0.752840 78.000000
0.753676 1.040110 0.744907 0.750800 79.000000
0.753661 1.036595 0.744858 0.752432 80.000000
0.753628 1.034580 0.744830 0.753126 81.000000
0.753168 1.030833 0.745025 0.754446 82.000000
0.753231 1.032229 0.744936 0.754191 83.000000
0.752986 1.032673 0.745218 0.753918 84.000000
0.752941 1.031512 0.745027 0.754251 85.000000
0.752864 1.030632 0.745060 0.754815 86.000000
0.752975 1.033416 0.744989 0.753609 87.000000
0.752787 1.030962 0.745102 0.754657 88.000000
0.752650 1.033153 0.745226 0.753879 89.000000
0.752584 1.032807 0.745240 0.753997 90.000000
0.752692 1.033122 0.745372 0.753618 91.000000
0.752534 1.033484 0.745453 0.753454 92.000000
0.752501 1.033403 0.745260 0.753503 93.000000
0.752409 1.033003 0.745237 0.753837 94.000000
0.752641 1.032971 0.745242 0.753790 95.000000
0.752565 1.033075 0.745424 0.753817 96.000000
0.752533 1.033053 0.745358 0.753799 97.000000
0.752375 1.032877 0.745155 0.753914 98.000000
0.752689 1.032952 0.745325 0.753884 99.000000
