1.389041 1.391316 0.379166 0.623212 0.000000
0.966312 1.214414 0.654090 0.681322 1.000000
0.912780 1.216239 0.680563 0.676610 2.000000
0.886011 1.184341 0.692333 0.689215 3.000000
0.868621 1.202295 0.699508 0.681029 4.000000
0.855647 1.137231 0.705174 0.711755 5.000000
0.844973 1.152353 0.710047 0.704053 6.000000
0.836397 1.136586 0.713458 0.709063 7.000000
0.829370 1.134274 0.716606 0.711363 8.000000
0.823161 1.118611 0.719398 0.719919 9.000000
0.817185 1.083956 0.722054 0.735047 10.000000
0.812250 1.095739 0.724137 0.727366 11.000000
0.808106 1.119743 0.725782 0.717236 12.000000
0.804526 1.083380 0.727467 0.735013 13.000000
0.801641 1.083500 0.728663 0.734073 14.000000
0.799046 1.080191 0.729733 0.735060 15.000000
0.796711 1.054649 0.730490 0.745840 16.000000
0.794675 1.060686 0.731645 0.741987 17.000000
0.792610 1.065372 0.732406 0.742235 18.000000
0.791220 1.059720 0.733034 0.742176 19.000000
0.789362 1.066604 0.733855 0.741240 20.000000
0.788017 1.070943 0.734340 0.739382 21.000000
0.786892 1.059530 0.734621 0.744102 22.000000
0.785570 1.061521 0.735274 0.741035 23.000000
0.784587 1.056733 0.735694 0.745053 24.000000
0.783644 1.068281 0.735954 0.739689 25.000000
0.782644 1.075424 0.736495 0.735741 26.000000
0.782095 1.058674 0.736718 0.745127 27.000000
0.781021 1.060652 0.737239 0.742223 28.000000
0.780248 1.058437 0.737461 0.743741 29.000000
0.779603 1.066705 0.737885 0.740611 30.000000
0.778689 1.056158 0.737803 0.746009 31.000000
0.778212 1.079679 0.738477 0.733491 32.000000
0.777431 1.057262 0.738540 0.742593 33.000000
0.776964 1.064937 0.738809 0.742095 34.000000
0.776481 1.043468 0.738808 0.749316 35.000000
0.775946 1.061489 0.739276 0.742145 36.000000
0.775562 1.046702 0.739457 0.748660 37.000000
0.774814 1.035364 0.739640 0.754479 38.000000
0.774472 1.067527 0.739809 0.739798 39.000000
0.774066 1.047345 0.739825 0.748457 40.000000
0.773416 1.038703 0.739982 0.751663 41.000000
0.773114 1.076161 0.740448 0.734909 42.000000
0.772521 1.065875 0.740227 0.740275 43.000000
0.772237 1.050148 0.740691 0.746750 44.000000
0.771922 1.053423 0.740473 0.745632 45.000000
0.771459 1.055956 0.740725 0.744264 46.000000
0.771225 1.041876 0.740996 0.750290 47.000000
0.770550 1.045601 0.741120 0.750178 48.000000
0.770509 1.046913 0.741203 0.748153 49.000000
0.770058 1.040585 0.741458 0.751573 50.000000
0.769349 1.055052 0.741581 0.745404 51.000000
0.769283 1.042437 0.741541 0.750072 52.000000
0.769282 1.051736 0.741474 0.746471 53.000000
0.768721 1.039123 0.741864 0.751305 54.000000
0.768610 1.049919 0.741725 0.747610 55.000000
0.768505 1.033990 0.741967 0.753481 56.000000
0.767922 1.042279 0.741891 0.749091 57.000000
0.767687 1.050248 0.741999 0.746099 58.000000
0.767317 1.046744 0.742117 0.748611 59.000000
0.767074 1.054495 0.742455 0.744174 60.000000
0.766587 1.047872 0.742709 0.748640 61.000000
0.766650 1.061100 0.742372 0.742325 62.000000
0.766227 1.045597 0.742808 0.747551 63.000000
0.766354 1.030089 0.742768 0.755408 64.000000
0.765748 1.046162 0.742762 0.748586 65.000000
0.765577 1.045483 0.742634 0.749659 66.000000
0.765547 1.041740 0.742778 0.750547 67.000000
0.765225 1.043480 0.742863 0.749688 68.000000
0.764856 1.035492 0.743070 0.751970 69.000000
0.764739 1.036873 0.742970 0.752383 70.000000
0.764713 1.043192 0.743132 0.748743 71.000000
0.764252 1.042418 0.743531 0.750060 72.000000
0.764130 1.034695 0.743388 0.753023 73.000000
0.764055 1.039640 0.743280 0.751000 74.000000
0.763944 1.040371 0.743333 0.750259 75.000000
0.763779 1.036689 0.743544 0.752524 76.000000
0.763458 1.039419 0.743537 0.750795 77.000000
0.763247 1.044047 0.743491 0.748676 78.000000
0.762865 1.038849 0.743596 0.751165 79.000000
0.763114 1.042321 0.743651 0.749747 80.000000
0.762949 1.042732 0.743547 0.749981 81.000000
0.762972 1.039721 0.743698 0.750924 82.000000
0.762969 1.039299 0.743858 0.751314 83.000000
0.762431 1.039544 0.743732 0.751084 84.000000
0.762467 1.040220 0.743897 0.750547 85.000000
0.762246 1.039685 0.743756 0.751131 86.000000
0.762171 1.039516 0.743939 0.750919 87.000000
0.762259 1.038116 0.743925 0.751521 88.000000
0.762148 1.037887 0.743801 0.751853 89.000000
0.762182 1.039910 0.743867 0.750755 90.000000
0.762110 1.038653 0.743852 0.751339 91.000000
0.761898 1.037819 0.744048 0.751636 92.000000
0.762256 1.037769 0.743862 0.751702 93.000000
0.762076 1.039452 0.743999 0.750921 94.000000
0.762059 1.038650 0.743818 0.751307 95.000000
0.761895 1.038703 0.743978 0.751251 96.000000
0.761715 1.038434 0.744006 0.751418 97.000000
0.762018 1.038517 0.743928 0.751357 98.000000
0.762270 1.038540 0.743762 0.751363 99.000000
