1.713835 1.473723 0.344910 0.535453 0.000000
1.179430 1.365025 0.575088 0.585967 1.000000
1.110783 1.321418 0.613120 0.616088 2.000000
1.076093 1.292301 0.631125 0.629724 3.000000
1.053449 1.292356 0.643479 0.631999 4.000000
1.035214 1.280628 0.652967 0.636726 5.000000
1.020190 1.235389 0.660924 0.662073 6.000000
1.008321 1.228895 0.667267 0.663290 7.000000
0.998213 1.230030 0.672335 0.664091 8.000000
0.989282 1.212263 0.676963 0.672284 9.000000
0.981595 1.211457 0.680543 0.675305 10.000000
0.973552 1.195944 0.684653 0.678845 11.000000
0.967912 1.203537 0.687024 0.676144 12.000000
0.962649 1.183595 0.689429 0.686774 13.000000
0.958207 1.129726 0.691804 0.714839 14.000000
0.954163 1.160419 0.693382 0.699508 15.000000
0.950479 1.117145 0.694965 0.717989 16.000000
0.947901 1.153621 0.696154 0.701248 17.000000
0.944909 1.169804 0.697660 0.692009 18.000000
0.942185 1.122521 0.698905 0.713984 19.000000
0.940119 1.183315 0.699872 0.686145 20.000000
0.937962 1.129428 0.700724 0.711478 21.000000
0.935708 1.130573 0.701649 0.712248 22.000000
0.934994 1.146790 0.702092 0.703384 23.000000
0.932729 1.153044 0.702575 0.701850 24.000000
0.930740 1.129297 0.703533 0.713806 25.000000
0.929668 1.143188 0.703991 0.701810 26.000000
0.928159 1.146050 0.704739 0.704146 27.000000
0.926479 1.122068 0.705443 0.715258 28.000000
0.925330 1.143639 0.705926 0.705541 29.000000
0.924281 1.125420 0.706735 0.713595 30.000000
0.923683 1.120742 0.706936 0.717885 31.000000
0.922400 1.115850 0.707231 0.718437 32.000000
0.921383 1.158573 0.707530 0.700732 33.000000
0.920643 1.165771 0.707804 0.693973 34.000000
0.919639 1.146258 0.708166 0.704058 35.000000
0.918624 1.139398 0.708570 0.707325 36.000000
0.917923 1.122942 0.709167 0.715073 37.000000
0.916934 1.105535 0.709405 0.723434 38.000000
0.916078 1.130349 0.709446 0.711563 39.000000
0.914891 1.123553 0.710362 0.714911 40.000000
0.914244 1.132091 0.710253 0.710997 41.000000
0.913754 1.139713 0.710768 0.707532 42.000000
0.913326 1.117126 0.710514 0.717655 43.000000
0.912004 1.107887 0.711363 0.720884 44.000000
0.911727 1.111137 0.711218 0.719698 45.000000
0.911016 1.126869 0.711575 0.712212 46.000000
0.910482 1.120687 0.711828 0.716331 47.000000
0.909551 1.116004 0.712124 0.718221 48.000000
0.909790 1.108245 0.712064 0.720728 49.000000
0.908836 1.126700 0.712520 0.712116 50.000000
0.908412 1.139176 0.712628 0.707403 51.000000
0.907775 1.099988 0.712656 0.726425 52.000000
0.906961 1.114532 0.713182 0.718562 53.000000
0.906733 1.134464 0.713349 0.709518 54.000000
0.906386 1.119171 0.713094 0.715996 55.000000
0.905624 1.098950 0.713468 0.725744 56.000000
0.905443 1.112299 0.713506 0.719553 57.000000
0.904796 1.130216 0.713763 0.712086 58.000000
0.904503 1.094958 0.713888 0.726412 59.000000
0.904001 1.110088 0.714014 0.720838 60.000000
0.903987 1.118793 0.714011 0.716428 61.000000
0.902736 1.117774 0.714540 0.716952 62.000000
0.902569 1.119239 0.714778 0.716447 63.000000
0.902846 1.102448 0.714365 0.723384 64.000000
0.902135 1.110532 0.714778 0.720773 65.000000
0.901408 1.103962 0.714836 0.722698 66.000000
0.900752 1.115716 0.714927 0.717978 67.000000
0.900910 1.111688 0.715109 0.719217 68.000000
0.899275 1.106485 0.715311 0.721560 69.000000
0.899842 1.097695 0.715463 0.725567 70.000000
0.899178 1.114025 0.715430 0.719387 71.000000
0.899091 1.109339 0.715532 0.721272 72.000000
0.898821 1.113316 0.715565 0.719202 73.000000
0.898838 1.102417 0.715836 0.723485 74.000000
0.898068 1.102640 0.715905 0.723442 75.000000
0.898414 1.105466 0.716163 0.722417 76.000000
0.897671 1.098968 0.716232 0.725350 77.000000
0.897752 1.103273 0.716119 0.723891 78.000000
0.897235 1.102331 0.716276 0.724252 79.000000
0.896773 1.101262 0.716540 0.724180 80.000000
0.896997 1.101245 0.716484 0.724637 81.000000
0.896643 1.105199 0.716236 0.722714 82.000000
0.896639 1.100619 0.716313 0.724780 83.000000
0.896253 1.101470 0.716924 0.724236 84.000000
0.896351 1.098153 0.716901 0.725882 85.000000
0.895758 1.102360 0.716720 0.724004 86.000000
0.895486 1.103665 0.716884 0.723231 87.000000
0.895569 1.103374 0.716708 0.723530 88.000000
0.895348 1.100167 0.716764 0.724755 89.000000
0.895238 1.101420 0.716905 0.724469 90.000000
0.895360 1.102302 0.716749 0.723907 91.000000
0.895314 1.102303 0.716945 0.723921 92.000000
0.894802 1.101128 0.716830 0.724437 93.000000
0.895581 1.101366 0.716984 0.724381 94.000000
0.894826 1.101815 0.716947 0.724221 95.000000
0.894560 1.101608 0.716969 0.724313 96.000000
0.895136 1.101948 0.716871 0.724126 97.000000
0.894787 1.101584 0.716973 0.724272 98.000000
0.895227 1.101429 0.716980 0.724401 99.000000
