1.397737 1.361332 0.440804 0.613472 0.000000
1.038117 1.282011 0.630561 0.643993 1.000000
0.979458 1.247467 0.659982 0.659561 2.000000
0.949688 1.232789 0.673931 0.665046 3.000000
0.930433 1.200076 0.682641 0.679456 4.000000
0.916601 1.160390 0.688776 0.701192 5.000000
0.904321 1.208465 0.694569 0.676667 6.000000
0.895062 1.178119 0.699004 0.690791 7.000000
0.886828 1.129103 0.702844 0.714801 8.000000
0.880313 1.143502 0.706064 0.707674 9.000000
0.874286 1.169403 0.708489 0.694866 10.000000
0.867994 1.125384 0.711204 0.714801 11.000000
0.863356 1.099083 0.713300 0.727701 12.000000
0.859898 1.130371 0.714867 0.713570 13.000000
0.856086 1.109280 0.716237 0.722099 14.000000
0.852445 1.108662 0.717996 0.721479 15.000000
0.849868 1.102827 0.718843 0.726524 16.000000
0.847343 1.102249 0.719888 0.725431 17.000000
0.845348 1.074972 0.720728 0.738161 18.000000
0.843478 1.120609 0.721312 0.717238 19.000000
0.841678 1.094483 0.722419 0.728777 20.000000
0.839853 1.127779 0.723088 0.713696 21.000000
0.838397 1.100209 0.723479 0.725882 22.000000
0.837023 1.084523 0.723852 0.733176 23.000000
0.835756 1.091201 0.724545 0.728432 24.000000
0.834657 1.081069 0.724975 0.733369 25.000000
0.833899 1.078444 0.725559 0.735521 26.000000
0.832430 1.085655 0.725852 0.732682 27.000000
0.831337 1.082390 0.726572 0.733381 28.000000
0.830391 1.115765 0.726396 0.717657 29.000000
0.829865 1.072581 0.726967 0.737814 30.000000
0.829374 1.074488 0.727235 0.735705 31.000000
0.827934 1.083417 0.727741 0.733913 32.000000
0.827722 1.066516 0.727711 0.739319 33.000000
0.826567 1.079313 0.728221 0.734319 34.000000
0.826222 1.097819 0.728297 0.725327 35.000000
0.825514 1.084428 0.728559 0.731791 36.000000
0.824699 1.094389 0.728720 0.729131 37.000000
0.823851 1.074147 0.729045 0.737568 38.000000
0.823738 1.088549 0.729309 0.729760 39.000000
0.823362 1.088343 0.729218 0.729663 40.000000
0.822493 1.079545 0.729716 0.734946 41.000000
0.821822 1.068789 0.730022 0.739807 42.000000
0.821782 1.072419 0.729948 0.738267 43.000000
0.821025 1.063472 0.730142 0.742014 44.000000
0.820260 1.066653 0.730280 0.738747 45.000000
0.820200 1.069992 0.730373 0.738877 46.000000
0.819744 1.070883 0.730710 0.738659 47.000000
0.819338 1.087559 0.730455 0.730191 48.000000
0.818795 1.090339 0.731003 0.729508 49.000000
0.818248 1.078545 0.731175 0.735162 50.000000
0.817648 1.079311 0.731364 0.734585 51.000000
0.817050 1.069436 0.731428 0.738373 52.000000
0.816860 1.078021 0.731677 0.734255 53.000000
0.816581 1.070192 0.731565 0.738551 54.000000
0.816202 1.079213 0.731909 0.734283 55.000000
0.816080 1.069835 0.731987 0.738594 56.000000
0.815689 1.077020 0.732038 0.735313 57.000000
0.815233 1.060116 0.732015 0.743130 58.000000
0.815077 1.071848 0.732096 0.738010 59.000000
0.814624 1.069782 0.732276 0.737299 60.000000
0.814336 1.072695 0.732681 0.737133 61.000000
0.814274 1.065989 0.732524 0.740645 62.000000
0.813290 1.064886 0.732642 0.741281 63.000000
0.813414 1.056358 0.732899 0.744223 64.000000
0.813236 1.067614 0.732688 0.739265 65.000000
0.812652 1.060534 0.733049 0.742219 66.000000
0.812520 1.075381 0.733039 0.736720 67.000000
0.812405 1.065421 0.732994 0.741049 68.000000
0.811965 1.067179 0.733188 0.739903 69.000000
0.811750 1.068770 0.733444 0.739752 70.000000
0.811642 1.068451 0.733415 0.739687 71.000000
0.811375 1.066756 0.733383 0.739696 72.000000
0.810908 1.064464 0.733641 0.740916 73.000000
0.810827 1.064072 0.733644 0.741380 74.000000
0.810786 1.063887 0.733666 0.741655 75.000000
0.810486 1.063583 0.733710 0.741265 76.000000
0.809997 1.065469 0.733790 0.740239 77.000000
0.809888 1.067003 0.733812 0.738943 78.000000
0.809920 1.068680 0.733869 0.738767 79.000000
0.809718 1.068466 0.734055 0.739108 80.000000
0.809729 1.060377 0.733768 0.742649 81.000000
0.809519 1.064894 0.734137 0.741042 82.000000
0.809380 1.062438 0.734196 0.742047 83.000000
0.808986 1.064198 0.734133 0.740922 84.000000
0.808628 1.061799 0.734209 0.742077 85.000000
0.809025 1.064971 0.734276 0.740418 86.000000
0.808701 1.064058 0.734298 0.741146 87.000000
0.808490 1.063022 0.734100 0.741673 88.000000
0.808496 1.062563 0.734202 0.741962 89.000000
0.808834 1.063445 0.734241 0.741326 90.000000
0.808912 1.063864 0.734094 0.741064 91.000000
0.808402 1.063830 0.734232 0.741292 92.000000
0.808170 1.064311 0.734365 0.740880 93.000000
0.808680 1.063048 0.734358 0.741660 94.000000
0.808078 1.063598 0.734396 0.741457 95.000000
0.808029 1.063143 0.734341 0.741612 96.000000
0.807966 1.062679 0.734385 0.741844 97.000000
0.808274 1.062881 0.734499 0.741738 98.000000
0.808032 1.062666 0.734467 0.741786 99.000000
