1.516940 1.411768 0.414943 0.579460 0.000000
1.143454 1.354243 0.588774 0.598534 1.000000
1.077007 1.309844 0.625092 0.622962 2.000000
1.042709 1.307343 0.642200 0.619003 3.000000
1.019565 1.263345 0.653917 0.644272 4.000000
1.001870 1.267767 0.662758 0.642426 5.000000
0.988397 1.236159 0.669436 0.659536 6.000000
0.977464 1.209291 0.675219 0.671504 7.000000
0.968479 1.214692 0.679853 0.672453 8.000000
0.961197 1.220764 0.683429 0.664395 9.000000
0.953237 1.173642 0.687573 0.690868 10.000000
0.947544 1.154866 0.690254 0.696473 11.000000
0.941360 1.160683 0.693203 0.697034 12.000000
0.937021 1.192372 0.695540 0.680350 13.000000
0.932464 1.148834 0.697386 0.702587 14.000000
0.929146 1.141938 0.698762 0.703187 15.000000
0.925892 1.169854 0.700532 0.693186 16.000000
0.922666 1.136716 0.702060 0.709703 17.000000
0.920317 1.154960 0.702796 0.701374 18.000000
0.917105 1.157023 0.703999 0.699623 19.000000
0.915238 1.132604 0.704714 0.710228 20.000000
0.912683 1.138336 0.705894 0.708005 21.000000
0.911292 1.122509 0.706549 0.713798 22.000000
0.909345 1.118953 0.707681 0.715047 23.000000
0.907998 1.114098 0.707895 0.720126 24.000000
0.906347 1.129639 0.708748 0.712160 25.000000
0.905134 1.144129 0.709281 0.703478 26.000000
0.903941 1.102026 0.709723 0.722879 27.000000
0.902557 1.111221 0.710325 0.719244 28.000000
0.900975 1.124568 0.710520 0.715134 29.000000
0.899973 1.101391 0.711029 0.723979 30.000000
0.899045 1.099327 0.711901 0.725691 31.000000
0.898334 1.115280 0.712290 0.718171 32.000000
0.897062 1.117979 0.712475 0.716663 33.000000
0.896251 1.078249 0.712820 0.735106 34.000000
0.895736 1.116092 0.713348 0.715490 35.000000
0.894250 1.110847 0.713552 0.718642 36.000000
0.893686 1.093053 0.713654 0.727825 37.000000
0.892558 1.114167 0.713950 0.718065 38.000000
0.892401 1.131313 0.714343 0.709933 39.000000
0.891365 1.116909 0.714590 0.716573 40.000000
0.890517 1.089498 0.714718 0.728770 41.000000
0.890030 1.102886 0.715210 0.723280 42.000000
0.889345 1.098602 0.715609 0.724008 43.000000
0.888549 1.112519 0.715696 0.718376 44.000000
0.887948 1.105154 0.715968 0.721865 45.000000
0.887247 1.098908 0.715923 0.725718 46.000000
0.887214 1.100663 0.716100 0.724062 47.000000
0.885902 1.104381 0.716551 0.722207 48.000000
0.885551 1.113968 0.716825 0.718656 49.000000
0.884986 1.094841 0.716800 0.725839 50.000000
0.884118 1.102636 0.717383 0.722955 51.000000
0.883717 1.108264 0.717359 0.720448 52.000000
0.883353 1.089489 0.717431 0.728633 53.000000
0.882776 1.091376 0.717888 0.729311 54.000000
0.882301 1.098168 0.717806 0.724834 55.000000
0.881864 1.079555 0.717916 0.733904 56.000000
0.881536 1.090797 0.718338 0.729384 57.000000
0.881241 1.104657 0.718129 0.720926 58.000000
0.880887 1.100005 0.718458 0.724624 59.000000
0.879957 1.095405 0.718430 0.726297 60.000000
0.878932 1.083130 0.718904 0.732790 61.000000
0.879291 1.109925 0.718854 0.719470 62.000000
0.878096 1.094903 0.719338 0.727415 63.000000
0.878639 1.096930 0.719009 0.725733 64.000000
0.877552 1.078450 0.719445 0.734993 65.000000
0.877218 1.083181 0.719624 0.731879 66.000000
0.877559 1.095360 0.719621 0.727397 67.000000
0.876795 1.089290 0.719743 0.729262 68.000000
0.877021 1.102013 0.719687 0.723028 69.000000
0.876587 1.091309 0.719634 0.729003 70.000000
0.876585 1.086618 0.719958 0.731297 71.000000
0.875280 1.089527 0.720235 0.729888 72.000000
0.875081 1.087382 0.720189 0.730756 73.000000
0.875667 1.086705 0.720100 0.730226 74.000000
0.874822 1.086861 0.720343 0.730484 75.000000
0.874204 1.088176 0.720898 0.729907 76.000000
0.874090 1.079138 0.720479 0.733692 77.000000
0.873902 1.087142 0.720889 0.731140 78.000000
0.873663 1.088654 0.720490 0.729943 79.000000
0.873670 1.086550 0.721016 0.730632 80.000000
0.873674 1.086478 0.720876 0.730980 81.000000
0.873307 1.089514 0.720811 0.729404 82.000000
0.872989 1.091367 0.721026 0.728188 83.000000
0.873027 1.092540 0.721160 0.727762 84.000000
0.872347 1.088114 0.720995 0.730091 85.000000
0.872350 1.089786 0.721126 0.728818 86.000000
0.872126 1.092588 0.721058 0.727645 87.000000
0.872481 1.089299 0.721123 0.729419 88.000000
0.871942 1.087930 0.721329 0.729782 89.000000
0.871695 1.089031 0.721362 0.729458 90.000000
0.871646 1.088639 0.721360 0.729683 91.000000
0.872066 1.087860 0.721205 0.729907 92.000000
0.871812 1.087585 0.721188 0.730084 93.000000
0.871827 1.087402 0.721363 0.730279 94.000000
0.872010 1.087472 0.721324 0.730267 95.000000
0.871526 1.087685 0.721410 0.730109 96.000000
0.871300 1.087603 0.721433 0.730166 97.000000
0.871509 1.087434 0.721321 0.730265 98.000000
0.871801 1.087377 0.721368 0.730247 99.000000
