1.414108 1.360963 0.408516 0.606127 0.000000
1.060303 1.258692 0.621702 0.655083 1.000000
1.002572 1.235989 0.652335 0.664187 2.000000
0.973358 1.236307 0.665826 0.661000 3.000000
0.953978 1.217783 0.674839 0.669605 4.000000
0.939391 1.201439 0.682022 0.681981 5.000000
0.927836 1.189903 0.687713 0.685933 6.000000
0.917980 1.135150 0.692133 0.711694 7.000000
0.909419 1.157729 0.696682 0.698103 8.000000
0.902150 1.182783 0.699782 0.686817 9.000000
0.895446 1.130518 0.703098 0.711764 10.000000
0.889482 1.141956 0.705533 0.707342 11.000000
0.884450 1.132475 0.707891 0.710571 12.000000
0.879931 1.126832 0.709821 0.713822 13.000000
0.876238 1.159575 0.711410 0.697911 14.000000
0.872811 1.109320 0.712867 0.722417 15.000000
0.870317 1.116037 0.713787 0.717495 16.000000
0.867701 1.105187 0.715066 0.723618 17.000000
0.864901 1.119617 0.715849 0.717348 18.000000
0.862606 1.109691 0.717252 0.721691 19.000000
0.861256 1.122060 0.717878 0.715087 20.000000
0.859595 1.130358 0.718059 0.712765 21.000000
0.857614 1.101140 0.719254 0.723345 22.000000
0.856109 1.083612 0.719803 0.732183 23.000000
0.854360 1.096689 0.720645 0.727233 24.000000
0.853471 1.105575 0.720750 0.723702 25.000000
0.852042 1.118160 0.721432 0.715786 26.000000
0.850831 1.105043 0.721949 0.723510 27.000000
0.849568 1.092228 0.722265 0.728374 28.000000
0.848684 1.068110 0.722884 0.740451 29.000000
0.847758 1.099070 0.723206 0.724775 30.000000
0.846650 1.079869 0.723340 0.734688 31.000000
0.846044 1.096483 0.723871 0.727981 32.000000
0.845353 1.091467 0.724092 0.729167 33.000000
0.844203 1.083023 0.724598 0.732574 34.000000
0.843558 1.073213 0.724669 0.737335 35.000000
0.842958 1.090693 0.724972 0.729902 36.000000
0.842000 1.084122 0.725310 0.731365 37.000000
0.841241 1.073620 0.725571 0.737085 38.000000
0.840328 1.083525 0.725880 0.733298 39.000000
0.840008 1.079573 0.726288 0.734210 40.000000
0.839238 1.091777 0.726516 0.729780 41.000000
0.839641 1.086846 0.726183 0.729609 42.000000
0.838337 1.082954 0.726913 0.732490 43.000000
0.837822 1.075796 0.726753 0.737505 44.000000
0.837209 1.056689 0.727189 0.743303 45.000000
0.837134 1.086584 0.727170 0.730071 46.000000
0.836335 1.057561 0.727517 0.744090 47.000000
0.835623 1.085318 0.727769 0.731963 48.000000
0.835448 1.081146 0.727623 0.733164 49.000000
0.835009 1.083194 0.727722 0.731695 50.000000
0.834231 1.087287 0.728258 0.732112 51.000000
0.834299 1.074573 0.728180 0.736573 52.000000
0.833327 1.082496 0.728539 0.731762 53.000000
0.833462 1.073121 0.728505 0.737504 54.000000
0.832894 1.074602 0.728588 0.736986 55.000000
0.832368 1.076369 0.728797 0.735336 56.000000
0.831954 1.085189 0.728878 0.731501 57.000000
0.831531 1.074390 0.729012 0.736264 58.000000
0.830946 1.081109 0.729213 0.733106 59.000000
0.830883 1.074194 0.729366 0.736407 60.000000
0.830630 1.078225 0.729418 0.734826 61.000000
0.829993 1.071580 0.729542 0.738316 62.000000
0.829793 1.071801 0.729680 0.737629 63.000000
0.829384 1.075344 0.729814 0.735229 64.000000
0.829234 1.077406 0.729971 0.735750 65.000000
0.828809 1.074570 0.730069 0.736361 66.000000
0.828596 1.073998 0.730145 0.736857 67.000000
0.828102 1.084586 0.730184 0.732064 68.000000
0.827930 1.079067 0.730282 0.734513 69.000000
0.828019 1.074174 0.730494 0.736492 70.000000
0.827375 1.076272 0.730293 0.735191 71.000000
0.827116 1.066673 0.730590 0.739640 72.000000
0.826785 1.069783 0.730648 0.737725 73.000000
0.826799 1.070421 0.730787 0.738434 74.000000
0.826612 1.065682 0.730880 0.740627 75.000000
0.826454 1.072110 0.730885 0.736986 76.000000
0.826096 1.072531 0.730924 0.737416 77.000000
0.826082 1.070939 0.731047 0.738027 78.000000
0.825826 1.072952 0.730948 0.736826 79.000000
0.825511 1.067165 0.731055 0.739788 80.000000
0.825335 1.070618 0.731137 0.737505 81.000000
0.825384 1.068594 0.731217 0.738744 82.000000
0.825146 1.066401 0.731231 0.740126 83.000000
0.824714 1.064982 0.731301 0.740519 84.000000
0.824803 1.069927 0.731326 0.738368 85.000000
0.824727 1.071379 0.731370 0.737775 86.000000
0.824729 1.069314 0.731277 0.738467 87.000000
0.825011 1.068133 0.731239 0.739220 88.000000
0.824800 1.067585 0.731147 0.739385 89.000000
0.823946 1.068381 0.731543 0.739058 90.000000
0.823973 1.067834 0.731521 0.739218 91.000000
0.823799 1.068589 0.731402 0.738981 92.000000
0.824074 1.067795 0.731551 0.739434 93.000000
0.824716 1.068761 0.731569 0.738864 94.000000
0.823847 1.068062 0.731287 0.739290 95.000000
0.823773 1.068403 0.731697 0.739143 96.000000
0.823676 1.068493 0.731504 0.739083 97.000000
0.823910 1.068468 0.731527 0.739064 98.000000
0.823976 1.068639 0.731639 0.738977 99.000000
