1.321345 1.337335 0.484355 0.629174 0.000000
0.987725 1.235261 0.649579 0.669429 1.000000
0.935514 1.210108 0.674101 0.677210 2.000000
0.909615 1.210928 0.685340 0.676752 3.000000
0.892552 1.182379 0.693277 0.688862 4.000000
0.879019 1.146768 0.699688 0.706727 5.000000
0.868637 1.165291 0.704630 0.697943 6.000000
0.860072 1.155600 0.708414 0.700642 7.000000
0.852225 1.108731 0.711996 0.724780 8.000000
0.845813 1.123931 0.714627 0.714384 9.000000
0.839962 1.106213 0.717343 0.722644 10.000000
0.835151 1.111082 0.719206 0.721695 11.000000
0.831017 1.098123 0.721316 0.725884 12.000000
0.827361 1.099985 0.722421 0.725282 13.000000
0.824323 1.087436 0.723771 0.730987 14.000000
0.821120 1.072020 0.725006 0.738415 15.000000
0.819223 1.070671 0.726229 0.739108 16.000000
0.816783 1.094810 0.727009 0.727861 17.000000
0.814983 1.089348 0.727758 0.732076 18.000000
0.813172 1.077037 0.728632 0.737430 19.000000
0.811480 1.084900 0.729242 0.731020 20.000000
0.810404 1.090752 0.729768 0.728871 21.000000
0.808791 1.077723 0.730325 0.734745 22.000000
0.807730 1.069452 0.730814 0.740582 23.000000
0.806131 1.068244 0.730988 0.741263 24.000000
0.805414 1.072955 0.731598 0.736805 25.000000
0.804597 1.062603 0.731858 0.742810 26.000000
0.803383 1.067847 0.732314 0.739680 27.000000
0.802533 1.071625 0.732673 0.737338 28.000000
0.801535 1.067571 0.732892 0.739772 29.000000
0.801186 1.059879 0.733071 0.742503 30.000000
0.800359 1.050503 0.733492 0.747797 31.000000
0.799921 1.051829 0.733587 0.747157 32.000000
0.798964 1.075751 0.733749 0.736249 33.000000
0.798311 1.077801 0.733865 0.733967 34.000000
0.797785 1.072201 0.734483 0.736718 35.000000
0.797259 1.053528 0.734531 0.745806 36.000000
0.796696 1.055412 0.734627 0.745540 37.000000
0.796061 1.060477 0.734843 0.742720 38.000000
0.795568 1.063976 0.735069 0.739966 39.000000
0.795177 1.047927 0.735283 0.747822 40.000000
0.794829 1.060060 0.735334 0.742397 41.000000
0.794669 1.054658 0.735448 0.744985 42.000000
0.793644 1.058325 0.735686 0.744322 43.000000
0.793427 1.047032 0.735881 0.749751 44.000000
0.792770 1.060706 0.735958 0.743465 45.000000
0.792739 1.059191 0.736179 0.741585 46.000000
0.792342 1.069819 0.736066 0.737610 47.000000
0.791729 1.071393 0.736339 0.736222 48.000000
0.791485 1.053873 0.736632 0.745955 49.000000
0.791134 1.066745 0.736636 0.739069 50.000000
0.791040 1.071796 0.737006 0.737177 51.000000
0.790521 1.049242 0.736858 0.747247 52.000000
0.789971 1.048191 0.736987 0.747812 53.000000
0.789715 1.044266 0.737097 0.749145 54.000000
0.789153 1.057665 0.737254 0.742927 55.000000
0.788976 1.035751 0.737056 0.752770 56.000000
0.788934 1.058857 0.737506 0.741721 57.000000
0.788513 1.046651 0.737565 0.748448 58.000000
0.788319 1.038900 0.737801 0.751267 59.000000
0.787437 1.047623 0.737696 0.746888 60.000000
0.787547 1.052173 0.737904 0.746245 61.000000
0.787512 1.047071 0.737878 0.747422 62.000000
0.787144 1.054931 0.738155 0.744252 63.000000
0.786650 1.051760 0.738146 0.745837 64.000000
0.786958 1.052580 0.738188 0.745506 65.000000
0.786279 1.062656 0.738420 0.740374 66.000000
0.785873 1.059398 0.738590 0.742174 67.000000
0.786000 1.051378 0.738497 0.745925 68.000000
0.785778 1.043849 0.738427 0.748985 69.000000
0.785294 1.045278 0.738509 0.748175 70.000000
0.784972 1.051318 0.738658 0.746004 71.000000
0.785186 1.046419 0.738556 0.747503 72.000000
0.784997 1.044361 0.738670 0.748911 73.000000
0.784546 1.054383 0.738692 0.744092 74.000000
0.784273 1.046816 0.739010 0.747698 75.000000
0.784297 1.044366 0.738868 0.748672 76.000000
0.783710 1.047387 0.739054 0.747265 77.000000
0.784145 1.047706 0.739006 0.747407 78.000000
0.783965 1.046413 0.739022 0.748169 79.000000
0.783386 1.044578 0.739122 0.748541 80.000000
0.783493 1.045395 0.739113 0.748696 81.000000
0.783209 1.042491 0.739209 0.749537 82.000000
0.783335 1.045948 0.739319 0.748016 83.000000
0.782824 1.041132 0.739240 0.750319 84.000000
0.782830 1.046905 0.739445 0.747522 85.000000
0.782499 1.044426 0.739373 0.748937 86.000000
0.782735 1.045959 0.739612 0.748135 87.000000
0.782838 1.044456 0.739415 0.748955 88.000000
0.782460 1.044400 0.739513 0.749046 89.000000
0.782488 1.046562 0.739690 0.747945 90.000000
0.782467 1.045542 0.739605 0.748349 91.000000
0.782412 1.044986 0.739547 0.748547 92.000000
0.782142 1.043647 0.739581 0.749088 93.000000
0.782477 1.044738 0.739601 0.748611 94.000000
0.782196 1.044730 0.739512 0.748610 95.000000
0.782304 1.044418 0.739565 0.748746 96.000000
0.782341 1.044645 0.739552 0.748653 97.000000
0.782238 1.044625 0.739582 0.748698 98.000000
0.782174 1.044303 0.739533 0.748832 99.000000
