1.516427 1.401907 0.418227 0.575455 0.000000
1.116572 1.349277 0.598383 0.597215 1.000000
1.055094 1.291047 0.632412 0.632402 2.000000
1.022742 1.252256 0.648640 0.653428 3.000000
1.002599 1.273748 0.659304 0.641429 4.000000
0.985468 1.227551 0.667103 0.664259 5.000000
0.972472 1.208856 0.673644 0.673377 6.000000
0.961044 1.217066 0.679234 0.670104 7.000000
0.951876 1.194282 0.683801 0.678659 8.000000
0.944090 1.169303 0.687298 0.696897 9.000000
0.936230 1.147976 0.691223 0.702540 10.000000
0.929519 1.143924 0.693921 0.704193 11.000000
0.924011 1.140663 0.696833 0.706438 12.000000
0.919311 1.154476 0.699203 0.700707 13.000000
0.914903 1.132878 0.701006 0.711664 14.000000
0.910884 1.132725 0.702739 0.710156 15.000000
0.907916 1.115543 0.704289 0.717714 16.000000
0.905471 1.118322 0.705348 0.716634 17.000000
0.902376 1.111685 0.706419 0.720489 18.000000
0.900504 1.114753 0.707617 0.718246 19.000000
0.897991 1.135139 0.708582 0.706991 20.000000
0.895462 1.118100 0.709560 0.715069 21.000000
0.893875 1.134922 0.710285 0.710105 22.000000
0.892110 1.096018 0.711075 0.727683 23.000000
0.891132 1.113131 0.711621 0.719396 24.000000
0.889355 1.099734 0.712302 0.726380 25.000000
0.888026 1.083117 0.712885 0.733405 26.000000
0.886284 1.118421 0.713265 0.717243 27.000000
0.885348 1.122103 0.714051 0.716072 28.000000
0.884215 1.122011 0.714154 0.714575 29.000000
0.883199 1.135626 0.714900 0.707755 30.000000
0.882370 1.123283 0.715291 0.714284 31.000000
0.881371 1.130538 0.715543 0.710323 32.000000
0.880375 1.116318 0.716122 0.718241 33.000000
0.879290 1.107900 0.716430 0.721698 34.000000
0.878561 1.104601 0.716670 0.723666 35.000000
0.877598 1.099695 0.717260 0.726872 36.000000
0.876812 1.123988 0.717665 0.714063 37.000000
0.876490 1.097785 0.717632 0.726407 38.000000
0.875501 1.107875 0.718122 0.722000 39.000000
0.875124 1.077195 0.718146 0.734111 40.000000
0.874276 1.078282 0.718497 0.735509 41.000000
0.873646 1.112725 0.718938 0.719966 42.000000
0.873029 1.094907 0.719008 0.726599 43.000000
0.872056 1.101582 0.719399 0.725404 44.000000
0.871511 1.098314 0.719619 0.724469 45.000000
0.870986 1.112891 0.719772 0.719962 46.000000
0.870308 1.102666 0.719937 0.724015 47.000000
0.869976 1.088414 0.720130 0.730013 48.000000
0.869806 1.098517 0.720248 0.726944 49.000000
0.869237 1.089607 0.720283 0.729640 50.000000
0.868552 1.087754 0.720712 0.729855 51.000000
0.868473 1.107611 0.720605 0.722406 52.000000
0.867860 1.097351 0.721160 0.726878 53.000000
0.866900 1.083081 0.721188 0.732666 54.000000
0.867091 1.092882 0.721537 0.728013 55.000000
0.866127 1.101606 0.721353 0.724520 56.000000
0.865557 1.073685 0.721753 0.736840 57.000000
0.865086 1.086506 0.721804 0.731214 58.000000
0.864861 1.088323 0.721985 0.730026 59.000000
0.864516 1.090119 0.722199 0.728957 60.000000
0.863757 1.088033 0.722311 0.730089 61.000000
0.863847 1.082072 0.722281 0.732483 62.000000
0.863380 1.083447 0.722677 0.731070 63.000000
0.863103 1.081585 0.722519 0.732605 64.000000
0.862884 1.082419 0.722817 0.732143 65.000000
0.861865 1.083606 0.722826 0.732233 66.000000
0.862186 1.085476 0.722763 0.731611 67.000000
0.861639 1.090677 0.723109 0.729158 68.000000
0.861264 1.082925 0.723193 0.731699 69.000000
0.861126 1.087432 0.723334 0.730975 70.000000
0.860620 1.084947 0.723285 0.732019 71.000000
0.860554 1.081651 0.723412 0.733369 72.000000
0.860089 1.084895 0.723712 0.730748 73.000000
0.859894 1.085361 0.723557 0.731658 74.000000
0.860026 1.087849 0.723651 0.730398 75.000000
0.859233 1.086654 0.723950 0.731280 76.000000
0.859296 1.083786 0.723773 0.731805 77.000000
0.858754 1.088341 0.724332 0.729710 78.000000
0.858778 1.077040 0.723941 0.734749 79.000000
0.858199 1.083343 0.724224 0.732520 80.000000
0.858264 1.081688 0.724256 0.733412 81.000000
0.858205 1.083071 0.724159 0.732443 82.000000
0.857831 1.081748 0.724253 0.732788 83.000000
0.858143 1.083609 0.724465 0.732157 84.000000
0.857733 1.087566 0.724198 0.730579 85.000000
0.857656 1.082977 0.724277 0.732019 86.000000
0.856730 1.081440 0.724597 0.733187 87.000000
0.857199 1.080092 0.724479 0.733787 88.000000
0.857410 1.082086 0.724363 0.732750 89.000000
0.857005 1.081988 0.724549 0.732991 90.000000
0.856867 1.082828 0.724687 0.732468 91.000000
0.856813 1.081216 0.724485 0.733171 92.000000
0.857150 1.082807 0.724727 0.732637 93.000000
0.856429 1.082445 0.724619 0.732580 94.000000
0.856879 1.082268 0.724632 0.732698 95.000000
0.856849 1.082405 0.724722 0.732680 96.000000
0.856814 1.082539 0.724723 0.732616 97.000000
0.857006 1.082627 0.724867 0.732581 98.000000
0.856239 1.082538 0.724737 0.732614 99.000000
