1.676489 1.512357 0.323782 0.515662 0.000000
1.223881 1.393744 0.555071 0.573968 1.000000
1.154070 1.352869 0.597001 0.596789 2.000000
1.116723 1.332432 0.617871 0.608864 3.000000
1.091039 1.366011 0.631182 0.594038 4.000000
1.072497 1.302896 0.640796 0.624488 5.000000
1.057900 1.267743 0.649463 0.642277 6.000000
1.045036 1.263560 0.656086 0.646406 7.000000
1.034375 1.270015 0.662228 0.642485 8.000000
1.025108 1.224864 0.667064 0.664800 9.000000
1.017516 1.193367 0.671085 0.679580 10.000000
1.009082 1.211463 0.675345 0.673150 11.000000
1.002972 1.179865 0.678504 0.687975 12.000000
0.997649 1.171165 0.681233 0.690428 13.000000
0.993312 1.197318 0.683176 0.680456 14.000000
0.989919 1.176786 0.685291 0.690340 15.000000
0.985775 1.196008 0.686992 0.679857 16.000000
0.982183 1.138065 0.688774 0.708116 17.000000
0.979131 1.193071 0.689708 0.682501 18.000000
0.975864 1.162950 0.691173 0.695520 19.000000
0.974427 1.176688 0.691661 0.689250 20.000000
0.972151 1.189927 0.692944 0.682499 21.000000
0.969539 1.152031 0.693999 0.702903 22.000000
0.968415 1.129006 0.694770 0.710842 23.000000
0.965759 1.148511 0.695958 0.702908 24.000000
0.964559 1.161351 0.696426 0.697433 25.000000
0.962227 1.161632 0.697324 0.697335 26.000000
0.960833 1.115945 0.698081 0.718045 27.000000
0.959723 1.144785 0.698394 0.704703 28.000000
0.958332 1.146853 0.699032 0.702887 29.000000
0.957388 1.167792 0.699979 0.693412 30.000000
0.955428 1.156162 0.700161 0.700901 31.000000
0.954626 1.138709 0.700897 0.707440 32.000000
0.953188 1.141667 0.701488 0.706342 33.000000
0.951809 1.149343 0.701853 0.701783 34.000000
0.950835 1.132358 0.702144 0.710707 35.000000
0.950334 1.149990 0.702600 0.702480 36.000000
0.949533 1.146587 0.702763 0.702103 37.000000
0.948241 1.124778 0.703188 0.713653 38.000000
0.947608 1.154930 0.703487 0.699923 39.000000
0.946939 1.140448 0.703575 0.706332 40.000000
0.945087 1.121411 0.704619 0.716670 41.000000
0.945003 1.141217 0.704367 0.706738 42.000000
0.944763 1.138451 0.704471 0.707669 43.000000
0.943454 1.155592 0.705190 0.699758 44.000000
0.942625 1.126645 0.705633 0.713408 45.000000
0.941783 1.142413 0.705635 0.705492 46.000000
0.940857 1.133979 0.705819 0.709649 47.000000
0.940978 1.106056 0.706101 0.722814 48.000000
0.940238 1.132914 0.706136 0.711638 49.000000
0.939232 1.132367 0.706760 0.710894 50.000000
0.938495 1.113524 0.706827 0.719258 51.000000
0.938020 1.116829 0.706964 0.717227 52.000000
0.937678 1.128278 0.706986 0.713322 53.000000
0.937222 1.122551 0.707490 0.714266 54.000000
0.936699 1.107206 0.707724 0.722225 55.000000
0.936172 1.141864 0.707961 0.707049 56.000000
0.936015 1.123354 0.707605 0.713414 57.000000
0.934464 1.125350 0.708210 0.712630 58.000000
0.934185 1.122116 0.708518 0.715146 59.000000
0.934036 1.107911 0.708319 0.720935 60.000000
0.933179 1.133925 0.709095 0.710510 61.000000
0.932542 1.134160 0.709044 0.709257 62.000000
0.932655 1.120466 0.708891 0.716056 63.000000
0.932194 1.123142 0.708836 0.715065 64.000000
0.931199 1.112301 0.709519 0.719208 65.000000
0.931275 1.116497 0.709698 0.717360 66.000000
0.930202 1.119184 0.709984 0.716559 67.000000
0.930121 1.114545 0.709950 0.719026 68.000000
0.929914 1.106698 0.709881 0.723057 69.000000
0.928942 1.116274 0.710311 0.717863 70.000000
0.929216 1.119958 0.710344 0.715732 71.000000
0.928376 1.124668 0.710211 0.712984 72.000000
0.928527 1.111982 0.710416 0.719961 73.000000
0.928405 1.119049 0.710546 0.716526 74.000000
0.928406 1.119334 0.710341 0.715860 75.000000
0.927649 1.118724 0.710955 0.716616 76.000000
0.927271 1.112370 0.710703 0.719880 77.000000
0.926711 1.113011 0.711361 0.719143 78.000000
0.926919 1.121290 0.710934 0.715572 79.000000
0.927084 1.119828 0.710784 0.715784 80.000000
0.926091 1.116726 0.711289 0.716925 81.000000
0.926006 1.117490 0.711376 0.716951 82.000000
0.926040 1.116372 0.711206 0.717657 83.000000
0.925529 1.116434 0.711428 0.717612 84.000000
0.925184 1.115261 0.711543 0.718379 85.000000
0.925456 1.118059 0.711460 0.716654 86.000000
0.925131 1.112459 0.711511 0.719267 87.000000
0.924700 1.115982 0.711789 0.718090 88.000000
0.923948 1.114201 0.712143 0.718758 89.000000
0.924658 1.115339 0.711952 0.718284 90.000000
0.924494 1.113754 0.711679 0.718767 91.000000
0.924512 1.112941 0.711890 0.719256 92.000000
0.924410 1.114456 0.711745 0.718485 93.000000
0.924169 1.113170 0.711986 0.719166 94.000000
0.924380 1.113595 0.711769 0.719014 95.000000
0.923412 1.113737 0.711960 0.718938 96.000000
0.924275 1.113766 0.711891 0.718875 97.000000
0.924006 1.113857 0.711785 0.718846 98.000000
0.925060 1.114012 0.711927 0.718812 99.000000
