1.357713 1.389351 0.410847 0.593533 0.000000
1.045602 1.327995 0.628278 0.617100 1.000000
0.990030 1.302388 0.657415 0.629505 2.000000
0.961390 1.249676 0.670342 0.657433 3.000000
0.942397 1.215413 0.678431 0.672906 4.000000
0.928438 1.190226 0.684883 0.686003 5.000000
0.916961 1.211817 0.690059 0.673224 6.000000
0.908383 1.169530 0.694324 0.694083 7.000000
0.900045 1.154001 0.698360 0.703065 8.000000
0.892684 1.180333 0.701819 0.687040 9.000000
0.886056 1.113267 0.704421 0.718969 10.000000
0.880402 1.133775 0.707078 0.708905 11.000000
0.875210 1.142069 0.709256 0.705158 12.000000
0.870367 1.127570 0.711505 0.713338 13.000000
0.867580 1.137013 0.712905 0.708240 14.000000
0.863937 1.147134 0.714484 0.704407 15.000000
0.861694 1.101729 0.715360 0.726547 16.000000
0.859351 1.121691 0.716414 0.711378 17.000000
0.856758 1.112094 0.717335 0.721017 18.000000
0.855127 1.104270 0.718152 0.722960 19.000000
0.853185 1.103483 0.718906 0.723623 20.000000
0.851387 1.108814 0.719363 0.721355 21.000000
0.850203 1.112686 0.720092 0.722054 22.000000
0.848085 1.116776 0.720874 0.719017 23.000000
0.847013 1.083943 0.721434 0.732067 24.000000
0.845849 1.128194 0.721905 0.712965 25.000000
0.844809 1.099588 0.722300 0.725898 26.000000
0.843459 1.091066 0.722983 0.729016 27.000000
0.842876 1.102406 0.723446 0.723902 28.000000
0.841360 1.101103 0.723653 0.726680 29.000000
0.840546 1.077901 0.724305 0.734519 30.000000
0.839592 1.083397 0.724384 0.730736 31.000000
0.839010 1.092172 0.724797 0.728727 32.000000
0.838539 1.081655 0.724724 0.732012 33.000000
0.837095 1.072112 0.725457 0.737347 34.000000
0.836570 1.095756 0.725452 0.727109 35.000000
0.836046 1.080234 0.725929 0.734567 36.000000
0.835068 1.066197 0.726153 0.739685 37.000000
0.834953 1.080551 0.726287 0.735182 38.000000
0.834313 1.076202 0.726484 0.736316 39.000000
0.833549 1.074639 0.726363 0.736614 40.000000
0.832730 1.075641 0.726895 0.736140 41.000000
0.832438 1.088262 0.727106 0.729453 42.000000
0.831767 1.089348 0.727498 0.728071 43.000000
0.830994 1.082973 0.727507 0.732524 44.000000
0.831208 1.074561 0.727506 0.737885 45.000000
0.830318 1.085631 0.727911 0.732700 46.000000
0.829959 1.064434 0.727966 0.740905 47.000000
0.829104 1.079849 0.728238 0.735133 48.000000
0.828831 1.071944 0.728524 0.739004 49.000000
0.828571 1.087474 0.728451 0.730653 50.000000
0.828416 1.083088 0.728441 0.733045 51.000000
0.827882 1.078442 0.728768 0.733891 52.000000
0.827545 1.085778 0.728950 0.731052 53.000000
0.826667 1.060068 0.729085 0.742828 54.000000
0.826336 1.066413 0.729275 0.739815 55.000000
0.826299 1.076246 0.729225 0.735457 56.000000
0.825733 1.066819 0.729377 0.739344 57.000000
0.825289 1.077919 0.729802 0.735394 58.000000
0.825031 1.058728 0.729921 0.744131 59.000000
0.824556 1.077046 0.729633 0.735897 60.000000
0.824153 1.067634 0.729898 0.739017 61.000000
0.824348 1.060870 0.730007 0.742769 62.000000
0.823827 1.074858 0.730038 0.735538 63.000000
0.823581 1.068582 0.730198 0.739800 64.000000
0.823007 1.080211 0.730274 0.732840 65.000000
0.822950 1.068439 0.730317 0.738230 66.000000
0.822858 1.069234 0.730465 0.737744 67.000000
0.822679 1.065792 0.730459 0.740054 68.000000
0.821815 1.077105 0.730784 0.734396 69.000000
0.821570 1.076637 0.730827 0.734806 70.000000
0.821584 1.074085 0.730786 0.736138 71.000000
0.820819 1.073611 0.730984 0.736459 72.000000
0.821060 1.063987 0.730956 0.740711 73.000000
0.821036 1.062588 0.730893 0.740790 74.000000
0.820720 1.064898 0.731062 0.740889 75.000000
0.820412 1.063851 0.731176 0.740886 76.000000
0.819934 1.071581 0.731372 0.737338 77.000000
0.820022 1.068408 0.731560 0.739346 78.000000
0.819700 1.069342 0.731466 0.738093 79.000000
0.819743 1.071556 0.731497 0.737342 80.000000
0.819368 1.067182 0.731769 0.739308 81.000000
0.819408 1.069580 0.731475 0.738708 82.000000
0.818849 1.069262 0.731678 0.738560 83.000000
0.819217 1.064349 0.731604 0.740742 84.000000
0.818675 1.066572 0.731897 0.739567 85.000000
0.818762 1.067436 0.731560 0.739074 86.000000
0.818538 1.063975 0.731636 0.740643 87.000000
0.818426 1.068380 0.731657 0.738524 88.000000
0.818389 1.066693 0.731768 0.739662 89.000000
0.818097 1.066236 0.731833 0.739764 90.000000
0.818404 1.066046 0.731994 0.739732 91.000000
0.818277 1.066080 0.731743 0.739488 92.000000
0.818523 1.067085 0.731738 0.739252 93.000000
0.818094 1.067110 0.731998 0.739195 94.000000
0.818215 1.066700 0.731863 0.739484 95.000000
0.818090 1.066232 0.731974 0.739621 96.000000
0.818003 1.066666 0.732020 0.739414 97.000000
0.818439 1.067019 0.731886 0.739306 98.000000
0.817872 1.066832 0.731985 0.739351 99.000000
