1.623468 1.518381 0.365443 0.506589 0.000000
1.132150 1.355804 0.593380 0.599693 1.000000
1.065583 1.285685 0.629853 0.635507 2.000000
1.032108 1.316551 0.646677 0.619197 3.000000
1.010247 1.246908 0.658095 0.654258 4.000000
0.994049 1.235664 0.666137 0.658955 5.000000
0.980999 1.214385 0.672905 0.672696 6.000000
0.970389 1.260440 0.678039 0.650495 7.000000
0.960585 1.242849 0.682773 0.659004 8.000000
0.952613 1.164015 0.686826 0.695314 9.000000
0.945139 1.181543 0.690286 0.687385 10.000000
0.938856 1.171611 0.692895 0.690237 11.000000
0.933238 1.189863 0.695243 0.684580 12.000000
0.928234 1.169669 0.697862 0.692322 13.000000
0.923488 1.109113 0.699807 0.721468 14.000000
0.920282 1.135781 0.701375 0.708041 15.000000
0.916746 1.129364 0.702520 0.713004 16.000000
0.913997 1.120734 0.703957 0.716140 17.000000
0.911771 1.128816 0.705297 0.712526 18.000000
0.909389 1.116552 0.706074 0.716133 19.000000
0.906947 1.141282 0.706713 0.704328 20.000000
0.905297 1.133411 0.707797 0.710981 21.000000
0.903633 1.138129 0.708431 0.707778 22.000000
0.901642 1.106621 0.709212 0.723727 23.000000
0.899942 1.119591 0.709969 0.715294 24.000000
0.899181 1.140859 0.710400 0.709167 25.000000
0.897326 1.103514 0.711231 0.724647 26.000000
0.896149 1.110728 0.711432 0.720839 27.000000
0.895011 1.117759 0.712037 0.716826 28.000000
0.893779 1.103160 0.712505 0.723212 29.000000
0.892477 1.122351 0.713079 0.714551 30.000000
0.891923 1.117857 0.713412 0.717367 31.000000
0.890267 1.116392 0.713944 0.717995 32.000000
0.889692 1.101867 0.713894 0.724737 33.000000
0.888939 1.111888 0.714556 0.719869 34.000000
0.888275 1.097666 0.714657 0.725934 35.000000
0.887319 1.125892 0.714987 0.712630 36.000000
0.886095 1.114160 0.715521 0.717461 37.000000
0.886039 1.081646 0.715315 0.733473 38.000000
0.884869 1.101616 0.715651 0.723488 39.000000
0.884331 1.111873 0.716434 0.719669 40.000000
0.883260 1.104854 0.716572 0.722279 41.000000
0.882837 1.111088 0.716919 0.718882 42.000000
0.882466 1.095244 0.716947 0.728507 43.000000
0.881530 1.108452 0.717209 0.721010 44.000000
0.881166 1.104651 0.717278 0.722561 45.000000
0.880313 1.112661 0.717912 0.718857 46.000000
0.879879 1.089787 0.717776 0.729363 47.000000
0.879034 1.108986 0.718188 0.718992 48.000000
0.878968 1.101102 0.718284 0.723553 49.000000
0.878342 1.094399 0.718464 0.727201 50.000000
0.877527 1.094803 0.718644 0.728265 51.000000
0.877004 1.097396 0.718858 0.728188 52.000000
0.876454 1.092067 0.719128 0.729262 53.000000
0.875872 1.099012 0.718901 0.726942 54.000000
0.875522 1.113797 0.719316 0.716958 55.000000
0.875306 1.083102 0.719439 0.731771 56.000000
0.874396 1.090068 0.719756 0.728630 57.000000
0.874013 1.092148 0.719721 0.728533 58.000000
0.873504 1.094941 0.720007 0.727904 59.000000
0.873896 1.088451 0.719908 0.730279 60.000000
0.872533 1.089404 0.720555 0.729774 61.000000
0.872501 1.096223 0.720408 0.725992 62.000000
0.872268 1.093129 0.720560 0.728213 63.000000
0.871517 1.083999 0.721080 0.731566 64.000000
0.871296 1.094143 0.720827 0.727271 65.000000
0.870796 1.102247 0.721065 0.723582 66.000000
0.870789 1.082115 0.720980 0.732502 67.000000
0.869878 1.090524 0.720997 0.729043 68.000000
0.870242 1.105622 0.721007 0.722579 69.000000
0.869621 1.085358 0.721313 0.731697 70.000000
0.869132 1.094230 0.721403 0.727187 71.000000
0.868998 1.095313 0.721494 0.726887 72.000000
0.869259 1.083782 0.721363 0.732928 73.000000
0.868350 1.093427 0.721590 0.727792 74.000000
0.868402 1.094304 0.721923 0.727393 75.000000
0.867823 1.085724 0.721742 0.731155 76.000000
0.867855 1.093963 0.721685 0.727666 77.000000
0.867628 1.085796 0.722121 0.731352 78.000000
0.867343 1.082612 0.722122 0.732758 79.000000
0.867186 1.088441 0.722275 0.729938 80.000000
0.866744 1.086883 0.722267 0.731084 81.000000
0.866534 1.087500 0.722662 0.730288 82.000000
0.866763 1.085952 0.721920 0.731031 83.000000
0.866196 1.083251 0.722411 0.732062 84.000000
0.866262 1.084430 0.722358 0.731872 85.000000
0.866174 1.089130 0.722616 0.730146 86.000000
0.865731 1.085566 0.722483 0.731174 87.000000
0.865625 1.084059 0.722786 0.732132 88.000000
0.866023 1.084919 0.722563 0.731642 89.000000
0.865257 1.087372 0.722945 0.730459 90.000000
0.865727 1.085501 0.722515 0.731255 91.000000
0.865556 1.086134 0.722678 0.731023 92.000000
0.865142 1.085102 0.722682 0.731491 93.000000
0.865737 1.085319 0.722738 0.731383 94.000000
0.864819 1.086156 0.722720 0.730948 95.000000
0.865299 1.085907 0.722872 0.731072 96.000000
0.865125 1.085691 0.722636 0.731187 97.000000
0.865451 1.085578 0.722738 0.731235 98.000000
0.865146 1.086057 0.722599 0.731059 99.000000
