1.394863 1.334741 0.465292 0.627661 0.000000
1.005958 1.312576 0.642513 0.627584 1.000000
0.953377 1.276020 0.667990 0.643466 2.000000
0.925951 1.275047 0.680270 0.644525 3.000000
0.907105 1.232471 0.688836 0.664329 4.000000
0.893078 1.193520 0.694985 0.684476 5.000000
0.881790 1.173401 0.700342 0.694476 6.000000
0.872046 1.178716 0.704829 0.689797 7.000000
0.864650 1.159976 0.708430 0.699052 8.000000
0.857733 1.136408 0.711263 0.709857 9.000000
0.851813 1.118103 0.714207 0.717709 10.000000
0.846519 1.108418 0.716111 0.723824 11.000000
0.842350 1.104490 0.718084 0.724883 12.000000
0.838388 1.115743 0.719737 0.720013 13.000000
0.835751 1.105292 0.720911 0.723120 14.000000
0.832873 1.109865 0.721982 0.720340 15.000000
0.829984 1.111721 0.723333 0.720895 16.000000
0.828277 1.088439 0.723842 0.731836 17.000000
0.826304 1.091615 0.724797 0.730682 18.000000
0.824397 1.089209 0.725672 0.732271 19.000000
0.822824 1.079962 0.726256 0.733480 20.000000
0.821102 1.087919 0.726930 0.730407 21.000000
0.819656 1.079436 0.727494 0.735124 22.000000
0.818711 1.080866 0.727875 0.734533 23.000000
0.817616 1.071590 0.728332 0.737414 24.000000
0.816014 1.084905 0.728667 0.731739 25.000000
0.815280 1.090371 0.729181 0.728739 26.000000
0.813997 1.080084 0.729569 0.733428 27.000000
0.813280 1.096949 0.729982 0.728313 28.000000
0.812384 1.065642 0.730181 0.741270 29.000000
0.811629 1.073964 0.730499 0.737383 30.000000
0.810548 1.081883 0.730881 0.733131 31.000000
0.809993 1.078870 0.731268 0.734551 32.000000
0.809407 1.074650 0.731297 0.734445 33.000000
0.808669 1.067081 0.731781 0.740591 34.000000
0.807997 1.063880 0.731983 0.742248 35.000000
0.807449 1.059625 0.732052 0.741547 36.000000
0.806677 1.078769 0.732476 0.734057 37.000000
0.806235 1.062392 0.732601 0.742508 38.000000
0.805636 1.084985 0.732489 0.730563 39.000000
0.805345 1.070114 0.733107 0.738084 40.000000
0.804564 1.062750 0.733153 0.740776 41.000000
0.804414 1.079621 0.733311 0.735613 42.000000
0.803776 1.061497 0.733573 0.740634 43.000000
0.803684 1.068493 0.733740 0.738846 44.000000
0.803059 1.072265 0.733914 0.737369 45.000000
0.802768 1.077311 0.733938 0.735769 46.000000
0.802161 1.076555 0.733935 0.736679 47.000000
0.801681 1.058844 0.734393 0.742521 48.000000
0.801248 1.075021 0.734420 0.735640 49.000000
0.800544 1.049340 0.734669 0.749041 50.000000
0.800423 1.060038 0.734614 0.741858 51.000000
0.800182 1.055720 0.734842 0.744284 52.000000
0.800020 1.077758 0.734864 0.733701 53.000000
0.799336 1.058117 0.734905 0.742695 54.000000
0.798972 1.057169 0.735005 0.743033 55.000000
0.798884 1.059078 0.734941 0.742244 56.000000
0.798483 1.053203 0.735316 0.745792 57.000000
0.797972 1.066088 0.735320 0.740169 58.000000
0.797968 1.052262 0.735473 0.746467 59.000000
0.797562 1.072634 0.735390 0.736389 60.000000
0.797141 1.057091 0.735728 0.743702 61.000000
0.797006 1.056985 0.735883 0.744237 62.000000
0.796488 1.057277 0.735769 0.743765 63.000000
0.796144 1.053814 0.736019 0.745064 64.000000
0.796002 1.054396 0.736107 0.744807 65.000000
0.795751 1.058928 0.736101 0.742951 66.000000
0.795518 1.059942 0.736110 0.741761 67.000000
0.795214 1.049792 0.736275 0.747468 68.000000
0.795231 1.046051 0.736360 0.749005 69.000000
0.794937 1.060014 0.736524 0.742162 70.000000
0.794690 1.047009 0.736405 0.747777 71.000000
0.794434 1.062344 0.736464 0.741763 72.000000
0.793784 1.055013 0.736739 0.744983 73.000000
0.793522 1.059235 0.736741 0.742555 74.000000
0.793684 1.051366 0.736690 0.746498 75.000000
0.793564 1.049940 0.736926 0.747104 76.000000
0.793491 1.050258 0.736857 0.746225 77.000000
0.793057 1.050581 0.736810 0.746902 78.000000
0.793054 1.048861 0.736901 0.747292 79.000000
0.792867 1.051804 0.737235 0.745664 80.000000
0.793105 1.056450 0.736984 0.744002 81.000000
0.792526 1.053198 0.737222 0.745375 82.000000
0.792893 1.057153 0.737029 0.743562 83.000000
0.792518 1.046990 0.737020 0.748070 84.000000
0.792346 1.051039 0.737264 0.746417 85.000000
0.791953 1.051926 0.737078 0.745995 86.000000
0.792152 1.052451 0.737232 0.745608 87.000000
0.792136 1.051869 0.737154 0.745878 88.000000
0.791972 1.051649 0.737500 0.746210 89.000000
0.791763 1.051117 0.737241 0.746460 90.000000
0.791639 1.051677 0.737517 0.746171 91.000000
0.791752 1.052061 0.737612 0.745896 92.000000
0.791575 1.051153 0.737421 0.746370 93.000000
0.791275 1.051263 0.737492 0.746361 94.000000
0.791685 1.051774 0.737355 0.746085 95.000000
0.791552 1.051722 0.737526 0.746092 96.000000
0.792049 1.051908 0.737550 0.745989 97.000000
0.791626 1.051796 0.737276 0.746081 98.000000
0.791464 1.051566 0.737480 0.746173 99.000000
