1.228856 1.199292 0.490767 0.694329 0.000000
0.850419 1.179903 0.682124 0.690167 1.000000
0.806134 1.150486 0.704625 0.703999 2.000000
0.785176 1.129308 0.714181 0.713067 3.000000
0.771452 1.099308 0.721087 0.725846 4.000000
0.761527 1.098431 0.725872 0.727715 5.000000
0.753787 1.100226 0.729361 0.723837 6.000000
0.747159 1.081181 0.732597 0.733352 7.000000
0.741905 1.081334 0.734932 0.734432 8.000000
0.737116 1.075327 0.737144 0.737522 9.000000
0.733280 1.061889 0.738941 0.742604 10.000000
0.729380 1.083294 0.740570 0.732148 11.000000
0.726507 1.059322 0.741842 0.740920 12.000000
0.723924 1.048834 0.742880 0.747436 13.000000
0.722008 1.036900 0.743781 0.752657 14.000000
0.720093 1.041923 0.744502 0.748647 15.000000
0.718540 1.061872 0.745368 0.740548 16.000000
0.717157 1.045878 0.745776 0.747179 17.000000
0.715768 1.048916 0.746496 0.745515 18.000000
0.714531 1.033822 0.746842 0.755411 19.000000
0.713729 1.029773 0.747285 0.754308 20.000000
0.712575 1.033726 0.747816 0.753533 21.000000
0.711888 1.039316 0.748201 0.750532 22.000000
0.711066 1.030105 0.748547 0.754297 23.000000
0.710437 1.026102 0.748837 0.756531 24.000000
0.709580 1.035454 0.749200 0.751986 25.000000
0.709020 1.038928 0.749424 0.750299 26.000000
0.708315 1.028214 0.749731 0.755138 27.000000
0.708034 1.024445 0.749882 0.754984 28.000000
0.707436 1.034617 0.750291 0.752065 29.000000
0.706722 1.021803 0.750424 0.758497 30.000000
0.706397 1.045964 0.750754 0.745804 31.000000
0.706112 1.030631 0.750884 0.753314 32.000000
0.705674 1.029615 0.751020 0.754450 33.000000
0.705164 1.018842 0.751235 0.759550 34.000000
0.704992 1.015864 0.751406 0.759836 35.000000
0.704479 1.023355 0.751604 0.756044 36.000000
0.704220 1.020993 0.751784 0.757670 37.000000
0.703916 1.020150 0.751734 0.757936 38.000000
0.703513 1.014522 0.751943 0.761852 39.000000
0.703440 1.025954 0.752004 0.755499 40.000000
0.702980 1.032373 0.752211 0.751914 41.000000
0.702802 1.018079 0.752377 0.757688 42.000000
0.702314 1.010631 0.752400 0.763126 43.000000
0.702284 1.018442 0.752591 0.759006 44.000000
0.701891 1.022478 0.752561 0.757987 45.000000
0.701666 1.006261 0.752872 0.763619 46.000000
0.701464 1.020294 0.752891 0.758722 47.000000
0.701055 1.017863 0.753117 0.760722 48.000000
0.701014 1.010672 0.752966 0.762213 49.000000
0.700891 1.023205 0.753178 0.756757 50.000000
0.700652 1.010356 0.753176 0.762736 51.000000
0.700218 1.023786 0.753478 0.756698 52.000000
0.699825 1.022903 0.753534 0.756260 53.000000
0.699939 1.022006 0.753345 0.756376 54.000000
0.699710 1.020571 0.753724 0.757784 55.000000
0.699388 1.003537 0.753833 0.765874 56.000000
0.699174 1.015461 0.753819 0.759832 57.000000
0.699169 1.013297 0.753949 0.760648 58.000000
0.698885 1.014664 0.754127 0.760445 59.000000
0.698621 1.009202 0.754057 0.762483 60.000000
0.698578 1.013717 0.754144 0.761038 61.000000
0.698347 1.004735 0.754246 0.763806 62.000000
0.698334 1.009829 0.753982 0.762911 63.000000
0.698011 1.015888 0.754245 0.759327 64.000000
0.697787 1.004092 0.754433 0.765195 65.000000
0.697707 1.010190 0.754491 0.761615 66.000000
0.697361 1.010399 0.754418 0.762125 67.000000
0.697504 1.013994 0.754437 0.760282 68.000000
0.697210 1.015396 0.754711 0.759539 69.000000
0.697253 1.007306 0.754507 0.763574 70.000000
0.697103 1.012912 0.754988 0.760794 71.000000
0.696980 1.013610 0.754874 0.760519 72.000000
0.696631 1.008665 0.754626 0.762443 73.000000
0.696782 1.001633 0.754780 0.766293 74.000000
0.696593 1.009129 0.755037 0.761964 75.000000
0.696435 1.014479 0.754941 0.760432 76.000000
0.696386 1.005591 0.754866 0.763468 77.000000
0.696155 1.009760 0.754962 0.761973 78.000000
0.696171 1.008016 0.755162 0.762947 79.000000
0.696015 1.008254 0.755227 0.762898 80.000000
0.695908 1.010293 0.755273 0.762336 81.000000
0.695754 1.009078 0.754958 0.762362 82.000000
0.695756 1.010866 0.755094 0.761453 83.000000
0.695636 1.009466 0.755332 0.762343 84.000000
0.695447 1.007635 0.755219 0.763234 85.000000
0.695703 1.010049 0.755196 0.761998 86.000000
0.695450 1.006583 0.755195 0.763381 87.000000
0.695468 1.007656 0.755245 0.763047 88.000000
0.695561 1.008826 0.755201 0.762472 89.000000
0.695381 1.008833 0.755352 0.762424 90.000000
0.695195 1.008127 0.755353 0.762896 91.000000
0.695310 1.008844 0.755362 0.762537 92.000000
0.695397 1.008616 0.755316 0.762619 93.000000
0.695066 1.008594 0.755475 0.762612 94.000000
0.695244 1.008643 0.755530 0.762598 95.000000
0.695175 1.008281 0.755222 0.762774 96.000000
0.695215 1.008269 0.755382 0.762794 97.000000
0.695169 1.008473 0.755211 0.762704 98.000000
0.695261 1.008372 0.755247 0.762729 99.000000
