1.221930 1.262690 0.446640 0.666521 0.000000
0.893465 1.177556 0.674201 0.699828 1.000000
0.845736 1.163523 0.698508 0.701523 2.000000
0.822280 1.160509 0.708587 0.698444 3.000000
0.807610 1.134933 0.714799 0.710724 4.000000
0.796429 1.119040 0.719672 0.718695 5.000000
0.787569 1.096782 0.723595 0.728455 6.000000
0.780377 1.086373 0.726829 0.732696 7.000000
0.773906 1.089788 0.729620 0.731370 8.000000
0.768717 1.112651 0.731850 0.719488 9.000000
0.763833 1.071384 0.733907 0.738409 10.000000
0.759857 1.059268 0.735466 0.744518 11.000000
0.756387 1.098019 0.737138 0.725869 12.000000
0.753590 1.083954 0.738148 0.733074 13.000000
0.750990 1.060890 0.739125 0.743739 14.000000
0.749114 1.078281 0.740016 0.736053 15.000000
0.747142 1.075717 0.740957 0.737195 16.000000
0.745287 1.053029 0.741651 0.744719 17.000000
0.743881 1.070420 0.742205 0.736600 18.000000
0.742693 1.043633 0.742658 0.748904 19.000000
0.741490 1.042618 0.743259 0.750924 20.000000
0.740327 1.055139 0.743717 0.744007 21.000000
0.739595 1.059023 0.744154 0.742823 22.000000
0.738642 1.022149 0.744533 0.759266 23.000000
0.737690 1.042114 0.744875 0.750744 24.000000
0.737220 1.058199 0.745281 0.743297 25.000000
0.736290 1.042192 0.745416 0.751490 26.000000
0.735574 1.053746 0.745802 0.746990 27.000000
0.734911 1.030962 0.746050 0.755354 28.000000
0.734351 1.030385 0.746269 0.755866 29.000000
0.734031 1.044523 0.746367 0.750345 30.000000
0.733459 1.034348 0.746447 0.751594 31.000000
0.732821 1.028670 0.746937 0.757270 32.000000
0.732334 1.021742 0.747330 0.758076 33.000000
0.732003 1.028686 0.747533 0.756862 34.000000
0.731611 1.040072 0.747487 0.751992 35.000000
0.731138 1.034508 0.747815 0.752507 36.000000
0.730663 1.044070 0.747744 0.748626 37.000000
0.730588 1.038538 0.747981 0.751961 38.000000
0.730097 1.023127 0.748280 0.759730 39.000000
0.729729 1.035227 0.748286 0.752245 40.000000
0.729198 1.038217 0.748549 0.751602 41.000000
0.729221 1.026768 0.748459 0.757252 42.000000
0.728802 1.022537 0.748617 0.758912 43.000000
0.728572 1.032165 0.748813 0.754590 44.000000
0.728143 1.023916 0.748904 0.758096 45.000000
0.727890 1.025739 0.748969 0.757005 46.000000
0.727719 1.028063 0.748951 0.753848 47.000000
0.727245 1.028537 0.749182 0.756544 48.000000
0.727153 1.017241 0.749282 0.760159 49.000000
0.726751 1.027619 0.749645 0.757074 50.000000
0.726613 1.034886 0.749403 0.753582 51.000000
0.726315 1.026544 0.749654 0.756669 52.000000
0.726152 1.037586 0.749507 0.751176 53.000000
0.725743 1.029718 0.749888 0.755410 54.000000
0.725492 1.020456 0.750031 0.758896 55.000000
0.725456 1.024145 0.749895 0.756687 56.000000
0.725180 1.024441 0.750157 0.757324 57.000000
0.724938 1.029449 0.750263 0.755358 58.000000
0.724589 1.036810 0.750378 0.751517 59.000000
0.724549 1.016386 0.750472 0.760927 60.000000
0.724240 1.029915 0.750406 0.755352 61.000000
0.724272 1.012718 0.750365 0.761498 62.000000
0.723756 1.019043 0.750709 0.760037 63.000000
0.723819 1.018365 0.750686 0.759413 64.000000
0.723406 1.016788 0.750982 0.760470 65.000000
0.723229 1.018772 0.750855 0.759455 66.000000
0.723179 1.017751 0.750613 0.760073 67.000000
0.723052 1.016477 0.750796 0.760831 68.000000
0.722953 1.018351 0.750853 0.759257 69.000000
0.722826 1.015319 0.750968 0.760912 70.000000
0.722647 1.015395 0.751254 0.761933 71.000000
0.722329 1.016944 0.751149 0.760057 72.000000
0.722159 1.023581 0.751360 0.757356 73.000000
0.722064 1.015036 0.751180 0.761595 74.000000
0.722044 1.021977 0.751279 0.757712 75.000000
0.721943 1.023440 0.751201 0.757830 76.000000
0.721550 1.023433 0.751404 0.757651 77.000000
0.721549 1.018221 0.751488 0.760264 78.000000
0.721646 1.019811 0.751505 0.759748 79.000000
0.721338 1.019467 0.751462 0.759266 80.000000
0.721290 1.020811 0.751511 0.758776 81.000000
0.721269 1.013531 0.751597 0.762116 82.000000
0.721191 1.016293 0.751631 0.760914 83.000000
0.721240 1.017858 0.751863 0.760035 84.000000
0.720950 1.017310 0.751729 0.759935 85.000000
0.720810 1.018434 0.751569 0.759724 86.000000
0.720614 1.017533 0.751748 0.759818 87.000000
0.720695 1.016575 0.751572 0.760305 88.000000
0.720673 1.018474 0.751796 0.759699 89.000000
0.720794 1.018151 0.751732 0.759994 90.000000
0.720662 1.017929 0.751849 0.759915 91.000000
0.720544 1.017525 0.751811 0.759936 92.000000
0.720433 1.017403 0.751716 0.759974 93.000000
0.720674 1.017913 0.751809 0.759861 94.000000
0.720623 1.018052 0.751747 0.759706 95.000000
0.720724 1.017579 0.751695 0.759967 96.000000
0.720602 1.017479 0.751719 0.760010 97.000000
0.720518 1.017630 0.751788 0.759985 98.000000
0.720501 1.017544 0.751730 0.760007 99.000000
