1.517128 1.411575 0.399599 0.565506 0.000000
1.157881 1.301007 0.583468 0.631058 1.000000
1.096480 1.281075 0.619572 0.636461 2.000000
1.064758 1.247696 0.636156 0.657025 3.000000
1.041101 1.270434 0.647516 0.642782 4.000000
1.024561 1.248295 0.656279 0.655926 5.000000
1.010577 1.216734 0.663205 0.670293 6.000000
0.998843 1.242077 0.669082 0.659024 7.000000
0.989448 1.221491 0.674159 0.668509 8.000000
0.980033 1.191751 0.678854 0.683478 9.000000
0.972958 1.197427 0.682878 0.677189 10.000000
0.965621 1.164801 0.686077 0.694351 11.000000
0.960379 1.216668 0.689002 0.671688 12.000000
0.955271 1.184561 0.691327 0.685020 13.000000
0.951171 1.165308 0.693202 0.693968 14.000000
0.946833 1.162237 0.695018 0.696732 15.000000
0.943645 1.188702 0.696702 0.682201 16.000000
0.940399 1.163268 0.698212 0.694758 17.000000
0.937665 1.153977 0.698886 0.700504 18.000000
0.934956 1.139401 0.700486 0.706283 19.000000
0.932857 1.116563 0.701309 0.717801 20.000000
0.930309 1.132928 0.702046 0.709007 21.000000
0.928762 1.111913 0.703025 0.719977 22.000000
0.926680 1.130814 0.703499 0.709775 23.000000
0.925140 1.146418 0.704386 0.703393 24.000000
0.923699 1.155370 0.704894 0.699627 25.000000
0.922235 1.110130 0.705533 0.721007 26.000000
0.920357 1.138438 0.706083 0.706950 27.000000
0.919356 1.132485 0.706511 0.710682 28.000000
0.918035 1.113572 0.707239 0.720372 29.000000
0.916890 1.136118 0.707797 0.706883 30.000000
0.915990 1.110867 0.708248 0.720805 31.000000
0.914686 1.122283 0.708747 0.713558 32.000000
0.913480 1.128554 0.708729 0.708826 33.000000
0.912762 1.140883 0.709109 0.705999 34.000000
0.911973 1.107992 0.709909 0.720176 35.000000
0.910362 1.105654 0.710014 0.721981 36.000000
0.909799 1.098624 0.710526 0.725361 37.000000
0.909742 1.108847 0.710461 0.723334 38.000000
0.908487 1.109284 0.710829 0.721549 39.000000
0.907596 1.113090 0.711379 0.717953 40.000000
0.906906 1.127688 0.711677 0.714289 41.000000
0.906351 1.114102 0.711793 0.719368 42.000000
0.905346 1.129219 0.711749 0.712318 43.000000
0.905506 1.133959 0.712202 0.711065 44.000000
0.904074 1.138279 0.712416 0.705528 45.000000
0.903239 1.108341 0.712900 0.723220 46.000000
0.902789 1.097944 0.712964 0.725832 47.000000
0.902106 1.102887 0.713267 0.723165 48.000000
0.901910 1.102609 0.713446 0.723982 49.000000
0.901231 1.095919 0.713508 0.725364 50.000000
0.900389 1.087671 0.713737 0.730197 51.000000
0.899873 1.119349 0.714390 0.716636 52.000000
0.899413 1.103486 0.714682 0.722960 53.000000
0.898885 1.091039 0.714214 0.729021 54.000000
0.898550 1.100796 0.714920 0.723569 55.000000
0.897841 1.095087 0.714681 0.726430 56.000000
0.897568 1.109877 0.715108 0.720342 57.000000
0.896253 1.091962 0.715469 0.728908 58.000000
0.896293 1.093983 0.715198 0.728274 59.000000
0.896289 1.119078 0.715231 0.714276 60.000000
0.895737 1.092518 0.715466 0.728285 61.000000
0.894959 1.104452 0.715900 0.723853 62.000000
0.895339 1.091583 0.715707 0.730247 63.000000
0.894304 1.110977 0.716106 0.719294 64.000000
0.893990 1.101338 0.715913 0.723878 65.000000
0.893290 1.107601 0.716318 0.720374 66.000000
0.892984 1.100209 0.716462 0.726322 67.000000
0.892464 1.091506 0.716528 0.729120 68.000000
0.892031 1.098367 0.716755 0.726067 69.000000
0.891800 1.104564 0.716861 0.723413 70.000000
0.891333 1.102394 0.717073 0.723700 71.000000
0.890676 1.095280 0.717385 0.727332 72.000000
0.890779 1.103956 0.717223 0.722708 73.000000
0.890852 1.106970 0.717335 0.721461 74.000000
0.890315 1.098150 0.717392 0.725767 75.000000
0.890417 1.101634 0.717446 0.724189 76.000000
0.890318 1.090637 0.717455 0.729492 77.000000
0.889560 1.097106 0.717719 0.726344 78.000000
0.889556 1.090704 0.717496 0.729372 79.000000
0.889630 1.095456 0.717561 0.726944 80.000000
0.888992 1.102028 0.717777 0.723682 81.000000
0.888927 1.096169 0.717824 0.726705 82.000000
0.888705 1.094405 0.717691 0.727352 83.000000
0.888345 1.094956 0.717858 0.727192 84.000000
0.888434 1.094599 0.717601 0.727232 85.000000
0.888675 1.094875 0.717801 0.726930 86.000000
0.887699 1.094085 0.718263 0.727726 87.000000
0.888207 1.092593 0.718007 0.728135 88.000000
0.887755 1.095574 0.718455 0.726937 89.000000
0.887653 1.095104 0.718131 0.727156 90.000000
0.888010 1.096491 0.718073 0.726355 91.000000
0.886705 1.094792 0.718259 0.727221 92.000000
0.887730 1.095354 0.718300 0.727016 93.000000
0.887232 1.094787 0.718236 0.727339 94.000000
0.887566 1.094945 0.718348 0.727142 95.000000
0.887291 1.095069 0.718165 0.727133 96.000000
0.887508 1.094789 0.718288 0.727230 97.000000
0.887233 1.094766 0.718289 0.727214 98.000000
0.886960 1.094772 0.718174 0.727219 99.000000
