1.167866 1.259452 0.488198 0.670403 0.000000
0.871140 1.187360 0.679052 0.694020 1.000000
0.824930 1.173337 0.703060 0.697217 2.000000
0.803165 1.146310 0.712851 0.706935 3.000000
0.789277 1.108948 0.718901 0.723557 4.000000
0.779122 1.116252 0.723498 0.718742 5.000000
0.770962 1.111555 0.726945 0.719538 6.000000
0.764305 1.094496 0.729707 0.726249 7.000000
0.758476 1.090227 0.732092 0.728881 8.000000
0.753600 1.071415 0.734534 0.736864 9.000000
0.749261 1.060882 0.736159 0.742719 10.000000
0.745521 1.068023 0.737830 0.738418 11.000000
0.742296 1.041458 0.739283 0.750940 12.000000
0.739512 1.046816 0.740334 0.749086 13.000000
0.737119 1.060310 0.741409 0.740801 14.000000
0.735405 1.046893 0.742229 0.748698 15.000000
0.733502 1.032689 0.742818 0.755647 16.000000
0.732122 1.061169 0.743435 0.741236 17.000000
0.730522 1.046442 0.744257 0.747801 18.000000
0.729550 1.062285 0.744538 0.740726 19.000000
0.728195 1.045914 0.744996 0.747026 20.000000
0.727244 1.029355 0.745495 0.753943 21.000000
0.726411 1.036528 0.745914 0.753302 22.000000
0.725503 1.023539 0.746314 0.758876 23.000000
0.724909 1.039931 0.746535 0.749436 24.000000
0.724086 1.060997 0.746978 0.739525 25.000000
0.723334 1.032630 0.747221 0.752987 26.000000
0.722617 1.036666 0.747534 0.751841 27.000000
0.722263 1.054596 0.747976 0.743231 28.000000
0.721691 1.047232 0.748077 0.746897 29.000000
0.721153 1.038859 0.748224 0.749075 30.000000
0.720749 1.010961 0.748461 0.762138 31.000000
0.720301 1.022628 0.748744 0.757440 32.000000
0.719849 1.037751 0.748918 0.750928 33.000000
0.719061 1.019620 0.749149 0.758939 34.000000
0.718910 1.026339 0.749007 0.755796 35.000000
0.718383 1.023863 0.749410 0.756549 36.000000
0.718000 1.017689 0.749542 0.759191 37.000000
0.717792 1.022265 0.749611 0.757904 38.000000
0.717276 1.022466 0.749629 0.757453 39.000000
0.717067 1.019090 0.749973 0.758648 40.000000
0.716667 1.042414 0.750036 0.748097 41.000000
0.716433 1.020917 0.750074 0.757699 42.000000
0.716172 1.027359 0.750090 0.753526 43.000000
0.715909 1.045655 0.750310 0.747449 44.000000
0.715390 1.028193 0.750620 0.754693 45.000000
0.715448 1.026562 0.750802 0.755690 46.000000
0.715214 1.015147 0.750680 0.760461 47.000000
0.714877 1.028271 0.751006 0.753742 48.000000
0.714466 1.029388 0.751125 0.752840 49.000000
0.714028 1.021203 0.751078 0.755749 50.000000
0.714078 1.024386 0.750952 0.757212 51.000000
0.713491 1.022620 0.751424 0.757476 52.000000
0.713606 1.027784 0.751374 0.754664 53.000000
0.713190 1.020196 0.751604 0.757794 54.000000
0.712971 1.037954 0.751625 0.748883 55.000000
0.712816 1.017171 0.751443 0.758982 56.000000
0.712449 1.017672 0.751719 0.759318 57.000000
0.712326 1.021479 0.751894 0.757945 58.000000
0.712022 1.018167 0.751985 0.758490 59.000000
0.712018 1.015139 0.751891 0.759715 60.000000
0.711711 1.014634 0.752191 0.759829 61.000000
0.711640 1.017981 0.752195 0.758100 62.000000
0.711464 1.010513 0.752134 0.762359 63.000000
0.711404 1.013687 0.752178 0.761611 64.000000
0.711050 1.010556 0.752392 0.761225 65.000000
0.710825 1.016494 0.752412 0.759523 66.000000
0.710728 1.021277 0.752541 0.757503 67.000000
0.710480 1.015333 0.752675 0.759663 68.000000
0.710443 1.010605 0.752634 0.761009 69.000000
0.710222 1.010488 0.752511 0.762589 70.000000
0.710316 1.011310 0.752656 0.761969 71.000000
0.709909 1.009713 0.752870 0.762492 72.000000
0.709788 1.015865 0.752790 0.759712 73.000000
0.709703 1.016956 0.752846 0.759126 74.000000
0.709591 1.011103 0.752984 0.761949 75.000000
0.709272 1.011221 0.753201 0.761672 76.000000
0.709161 1.017561 0.752932 0.758287 77.000000
0.709157 1.015911 0.753155 0.759652 78.000000
0.709231 1.016174 0.753113 0.758921 79.000000
0.709029 1.014358 0.753060 0.759748 80.000000
0.708822 1.013731 0.753154 0.760813 81.000000
0.708825 1.015648 0.753109 0.760127 82.000000
0.708945 1.013577 0.753031 0.760503 83.000000
0.708743 1.014687 0.752996 0.759618 84.000000
0.708848 1.011980 0.753147 0.761678 85.000000
0.708483 1.013848 0.753425 0.760479 86.000000
0.708600 1.013592 0.753189 0.760700 87.000000
0.708329 1.013826 0.753458 0.760432 88.000000
0.708457 1.013133 0.753126 0.760786 89.000000
0.708291 1.013266 0.753278 0.760594 90.000000
0.708235 1.013961 0.753441 0.760343 91.000000
0.708260 1.012866 0.753424 0.760849 92.000000
0.708173 1.013004 0.753302 0.760855 93.000000
0.708315 1.013320 0.753398 0.760664 94.000000
0.708158 1.013740 0.753328 0.760526 95.000000
0.708178 1.013227 0.753365 0.760758 96.000000
0.708039 1.013703 0.753363 0.760555 97.000000
0.708187 1.013180 0.753400 0.760742 98.000000
0.708146 1.013419 0.753511 0.760616 99.000000
