1.478134 1.334416 0.402231 0.624426 0.000000
1.091211 1.275290 0.608682 0.649616 1.000000
1.032093 1.250183 0.641145 0.655164 2.000000
1.000042 1.240121 0.656760 0.658851 3.000000
0.978176 1.229773 0.667492 0.665727 4.000000
0.961318 1.245502 0.675823 0.655944 5.000000
0.948203 1.178686 0.682393 0.690445 6.000000
0.937740 1.178201 0.687248 0.690789 7.000000
0.929188 1.174206 0.691992 0.690634 8.000000
0.921793 1.121850 0.694864 0.717263 9.000000
0.914418 1.141440 0.698407 0.706625 10.000000
0.908147 1.181385 0.701246 0.688016 11.000000
0.903216 1.166462 0.703396 0.694343 12.000000
0.899194 1.158549 0.705637 0.697014 13.000000
0.895278 1.152668 0.707218 0.700015 14.000000
0.891540 1.132998 0.708665 0.711311 15.000000
0.888212 1.140455 0.710042 0.706191 16.000000
0.886033 1.122653 0.711067 0.712916 17.000000
0.883859 1.126071 0.712178 0.714388 18.000000
0.881095 1.103897 0.713152 0.722184 19.000000
0.878764 1.135554 0.714365 0.708598 20.000000
0.876988 1.102446 0.714972 0.724514 21.000000
0.875678 1.127029 0.715467 0.713319 22.000000
0.874524 1.106806 0.716214 0.721831 23.000000
0.872554 1.092509 0.716658 0.729827 24.000000
0.871327 1.090662 0.717356 0.730080 25.000000
0.870191 1.090748 0.717921 0.730766 26.000000
0.869008 1.089389 0.718224 0.731232 27.000000
0.867964 1.098254 0.718630 0.725481 28.000000
0.866893 1.105135 0.719055 0.723132 29.000000
0.866236 1.085890 0.719855 0.733437 30.000000
0.864641 1.093356 0.720277 0.727722 31.000000
0.863475 1.095210 0.720801 0.727039 32.000000
0.863507 1.092970 0.720813 0.729765 33.000000
0.862789 1.083328 0.720839 0.732003 34.000000
0.861692 1.095213 0.721053 0.727156 35.000000
0.860859 1.083809 0.721684 0.732718 36.000000
0.860327 1.095021 0.721610 0.726903 37.000000
0.859632 1.108108 0.721931 0.721844 38.000000
0.858952 1.079102 0.722325 0.735541 39.000000
0.858373 1.075682 0.722472 0.736884 40.000000
0.857610 1.091106 0.722499 0.728583 41.000000
0.857168 1.110963 0.722919 0.720460 42.000000
0.856823 1.102183 0.723322 0.722960 43.000000
0.855721 1.087402 0.723481 0.731009 44.000000
0.855680 1.086198 0.723500 0.731056 45.000000
0.854846 1.090908 0.723599 0.729490 46.000000
0.854381 1.079862 0.723793 0.734452 47.000000
0.853663 1.082580 0.724155 0.731778 48.000000
0.853538 1.080380 0.724330 0.733449 49.000000
0.853022 1.072421 0.724587 0.737482 50.000000
0.852338 1.080866 0.724630 0.733920 51.000000
0.851885 1.091723 0.724977 0.729873 52.000000
0.851278 1.089880 0.725001 0.730084 53.000000
0.851162 1.108182 0.725128 0.721538 54.000000
0.850533 1.092000 0.725395 0.729086 55.000000
0.850151 1.088385 0.725274 0.730427 56.000000
0.849576 1.072505 0.725300 0.737072 57.000000
0.849476 1.086254 0.725661 0.731239 58.000000
0.849132 1.074252 0.725775 0.736442 59.000000
0.848600 1.086508 0.725839 0.731828 60.000000
0.848627 1.079941 0.726060 0.734529 61.000000
0.847754 1.077261 0.726271 0.735220 62.000000
0.848078 1.076282 0.726206 0.736237 63.000000
0.847424 1.086376 0.726405 0.731633 64.000000
0.846871 1.072435 0.726413 0.737299 65.000000
0.846684 1.081252 0.726243 0.733782 66.000000
0.846323 1.081257 0.726544 0.733519 67.000000
0.846190 1.085930 0.726867 0.731099 68.000000
0.845973 1.084394 0.726895 0.732062 69.000000
0.845193 1.077554 0.727169 0.735392 70.000000
0.845311 1.074581 0.727058 0.736882 71.000000
0.845141 1.089106 0.726774 0.729866 72.000000
0.844734 1.082757 0.727127 0.732885 73.000000
0.844524 1.080232 0.727308 0.734592 74.000000
0.844126 1.076525 0.727189 0.735829 75.000000
0.844060 1.083298 0.727411 0.732183 76.000000
0.844201 1.085634 0.727175 0.731207 77.000000
0.843893 1.077821 0.727466 0.734612 78.000000
0.843353 1.080913 0.727388 0.733759 79.000000
0.843350 1.074182 0.727455 0.737008 80.000000
0.842963 1.078928 0.727616 0.734506 81.000000
0.843063 1.079113 0.727816 0.734459 82.000000
0.843118 1.077408 0.727726 0.734733 83.000000
0.842663 1.076278 0.727744 0.735739 84.000000
0.842378 1.073809 0.727977 0.736779 85.000000
0.842067 1.078641 0.727991 0.734641 86.000000
0.841640 1.073417 0.728107 0.737013 87.000000
0.842101 1.075636 0.727898 0.735994 88.000000
0.841745 1.078239 0.728163 0.734803 89.000000
0.842209 1.074348 0.728072 0.736371 90.000000
0.841547 1.075686 0.728277 0.735780 91.000000
0.841659 1.074155 0.728047 0.736494 92.000000
0.841303 1.074996 0.728255 0.736125 93.000000
0.841776 1.075831 0.728140 0.735818 94.000000
0.841514 1.074989 0.728079 0.736003 95.000000
0.841750 1.075097 0.728174 0.736010 96.000000
0.841732 1.074971 0.728168 0.736005 97.000000
0.841392 1.075075 0.727990 0.736046 98.000000
0.841541 1.074724 0.728263 0.736149 99.000000
