1.326917 1.315584 0.450528 0.638127 0.000000
0.976396 1.224994 0.652563 0.675983 1.000000
0.921604 1.220225 0.679687 0.671314 2.000000
0.896080 1.173547 0.690205 0.694757 3.000000
0.879396 1.169978 0.697134 0.696782 4.000000
0.866721 1.160264 0.703093 0.699422 5.000000
0.857038 1.154721 0.707416 0.703108 6.000000
0.848416 1.136458 0.711280 0.708684 7.000000
0.841360 1.119909 0.714371 0.717687 8.000000
0.834663 1.117339 0.717111 0.720496 9.000000
0.828940 1.098208 0.719920 0.727427 10.000000
0.823637 1.100785 0.721889 0.725057 11.000000
0.819672 1.098855 0.723694 0.726640 12.000000
0.816122 1.085379 0.725086 0.731642 13.000000
0.812764 1.100122 0.726268 0.725390 14.000000
0.810363 1.089399 0.727263 0.730579 15.000000
0.808090 1.083901 0.728137 0.734564 16.000000
0.805678 1.083419 0.729182 0.733453 17.000000
0.803873 1.091750 0.730033 0.726876 18.000000
0.802239 1.071104 0.730424 0.738514 19.000000
0.801172 1.081780 0.731051 0.734889 20.000000
0.799507 1.066996 0.731638 0.740374 21.000000
0.798466 1.060341 0.732304 0.744809 22.000000
0.797179 1.058177 0.732368 0.744683 23.000000
0.795995 1.065982 0.732805 0.741484 24.000000
0.795180 1.077538 0.733385 0.734026 25.000000
0.794177 1.048056 0.733529 0.749201 26.000000
0.793478 1.064777 0.734058 0.740136 27.000000
0.792384 1.064543 0.734303 0.740248 28.000000
0.791739 1.054164 0.734599 0.744268 29.000000
0.791199 1.072312 0.734635 0.737311 30.000000
0.790327 1.069071 0.734908 0.737890 31.000000
0.789786 1.071715 0.735215 0.738260 32.000000
0.788855 1.047227 0.735700 0.747804 33.000000
0.788860 1.058666 0.735842 0.742099 34.000000
0.787698 1.071759 0.736169 0.737275 35.000000
0.787621 1.055181 0.736297 0.745328 36.000000
0.786992 1.061875 0.736577 0.740923 37.000000
0.786448 1.041407 0.736829 0.751674 38.000000
0.785641 1.046705 0.736675 0.747743 39.000000
0.785440 1.062218 0.736888 0.741971 40.000000
0.784831 1.064432 0.737062 0.739775 41.000000
0.784659 1.066898 0.737304 0.740855 42.000000
0.784374 1.050067 0.737454 0.747352 43.000000
0.784112 1.059266 0.737495 0.742670 44.000000
0.783360 1.048211 0.737826 0.747637 45.000000
0.782905 1.040388 0.737789 0.752013 46.000000
0.782709 1.053467 0.737747 0.745829 47.000000
0.782355 1.052004 0.737914 0.745330 48.000000
0.781561 1.047338 0.738331 0.747156 49.000000
0.781487 1.060455 0.738552 0.742048 50.000000
0.780850 1.047254 0.738809 0.747785 51.000000
0.780958 1.059340 0.738526 0.743128 52.000000
0.780902 1.054071 0.738603 0.744987 53.000000
0.780494 1.061718 0.738775 0.741423 54.000000
0.779727 1.055856 0.739066 0.743301 55.000000
0.779526 1.050222 0.739017 0.746216 56.000000
0.779216 1.050265 0.739234 0.746980 57.000000
0.779057 1.047571 0.739264 0.748335 58.000000
0.778699 1.057906 0.739315 0.742819 59.000000
0.778416 1.040148 0.739367 0.752010 60.000000
0.778203 1.040229 0.739713 0.751778 61.000000
0.778083 1.043403 0.739530 0.750112 62.000000
0.777353 1.051514 0.739770 0.745236 63.000000
0.777469 1.046549 0.739821 0.747797 64.000000
0.776974 1.042984 0.740044 0.750939 65.000000
0.777099 1.040767 0.740128 0.750865 66.000000
0.776362 1.045481 0.740082 0.748884 67.000000
0.776445 1.035615 0.740202 0.753343 68.000000
0.776633 1.041175 0.740292 0.751077 69.000000
0.775761 1.055711 0.740209 0.744169 70.000000
0.775943 1.038125 0.740582 0.752236 71.000000
0.775505 1.037845 0.740610 0.751375 72.000000
0.775576 1.050039 0.740456 0.747208 73.000000
0.775115 1.047062 0.740572 0.747136 74.000000
0.774900 1.048203 0.740661 0.746949 75.000000
0.775286 1.045886 0.740551 0.748011 76.000000
0.774740 1.037094 0.740550 0.752506 77.000000
0.774767 1.036745 0.740897 0.752331 78.000000
0.774271 1.043811 0.740912 0.748942 79.000000
0.774440 1.043846 0.740826 0.748897 80.000000
0.774431 1.042152 0.740867 0.750283 81.000000
0.774004 1.041512 0.741096 0.749666 82.000000
0.773870 1.043982 0.741073 0.748906 83.000000
0.773930 1.043940 0.741041 0.749551 84.000000
0.773703 1.044670 0.741294 0.748992 85.000000
0.773419 1.042880 0.741269 0.749301 86.000000
0.773704 1.039292 0.741151 0.751433 87.000000
0.773653 1.044231 0.741067 0.749026 88.000000
0.773562 1.042593 0.741052 0.749783 89.000000
0.773211 1.042778 0.741061 0.749589 90.000000
0.773453 1.041904 0.740904 0.750203 91.000000
0.773051 1.042841 0.741230 0.749697 92.000000
0.773256 1.041662 0.741193 0.750160 93.000000
0.772761 1.042182 0.741226 0.750058 94.000000
0.773250 1.042038 0.741094 0.750137 95.000000
0.773133 1.042016 0.741220 0.750018 96.000000
0.773246 1.042029 0.741160 0.750063 97.000000
0.773131 1.042287 0.741198 0.749968 98.000000
0.772848 1.041982 0.741268 0.750103 99.000000
