1.657777 1.482641 0.371032 0.532249 0.000000
1.157509 1.314996 0.585266 0.625747 1.000000
1.086880 1.290092 0.623973 0.637748 2.000000
1.051563 1.290564 0.641333 0.633518 3.000000
1.028914 1.291102 0.652374 0.633376 4.000000
1.012034 1.229305 0.660809 0.663829 5.000000
0.998541 1.214137 0.667529 0.671869 6.000000
0.987148 1.230376 0.673380 0.661701 7.000000
0.976777 1.195238 0.678704 0.681076 8.000000
0.968260 1.217291 0.683221 0.666992 9.000000
0.960925 1.169017 0.686955 0.695747 10.000000
0.954583 1.165507 0.690359 0.695197 11.000000
0.947951 1.165612 0.693233 0.693114 12.000000
0.943154 1.175669 0.695337 0.691937 13.000000
0.938907 1.152415 0.697511 0.699724 14.000000
0.935480 1.157163 0.698788 0.700791 15.000000
0.931936 1.156078 0.700555 0.698886 16.000000
0.929096 1.148216 0.701348 0.700523 17.000000
0.926765 1.139521 0.702720 0.706348 18.000000
0.924141 1.145612 0.703787 0.704919 19.000000
0.921414 1.128612 0.704933 0.710145 20.000000
0.919702 1.129332 0.705587 0.713515 21.000000
0.917527 1.117177 0.706711 0.717923 22.000000
0.916279 1.126916 0.707218 0.713851 23.000000
0.914211 1.114660 0.707949 0.719071 24.000000
0.913708 1.138400 0.708181 0.709764 25.000000
0.912150 1.102881 0.709137 0.724259 26.000000
0.910985 1.120595 0.709450 0.716129 27.000000
0.909300 1.105833 0.709979 0.722494 28.000000
0.908282 1.113378 0.710152 0.719170 29.000000
0.906655 1.129375 0.711266 0.711931 30.000000
0.906341 1.122368 0.711185 0.715506 31.000000
0.905370 1.128861 0.711811 0.712025 32.000000
0.903999 1.138706 0.712034 0.707944 33.000000
0.903535 1.137205 0.712009 0.706716 34.000000
0.902184 1.107027 0.712809 0.720945 35.000000
0.901711 1.110906 0.713143 0.720904 36.000000
0.900323 1.145084 0.713438 0.703239 37.000000
0.900153 1.089197 0.713593 0.730590 38.000000
0.899164 1.105194 0.713664 0.723384 39.000000
0.898118 1.101389 0.714200 0.724180 40.000000
0.897686 1.134758 0.714531 0.708506 41.000000
0.897517 1.122365 0.714727 0.715116 42.000000
0.896358 1.114707 0.714761 0.717558 43.000000
0.896021 1.104868 0.714992 0.722601 44.000000
0.895564 1.118279 0.715126 0.716219 45.000000
0.895041 1.091149 0.715252 0.729579 46.000000
0.894092 1.095576 0.716043 0.726387 47.000000
0.893599 1.098803 0.716082 0.725508 48.000000
0.892811 1.111006 0.716332 0.720086 49.000000
0.892807 1.096350 0.716222 0.726795 50.000000
0.892099 1.086709 0.716467 0.731686 51.000000
0.891356 1.096323 0.716781 0.726980 52.000000
0.890996 1.089066 0.717040 0.729251 53.000000
0.890242 1.105361 0.716998 0.723050 54.000000
0.889585 1.093709 0.717209 0.728263 55.000000
0.888919 1.086216 0.717561 0.732382 56.000000
0.889039 1.105630 0.717213 0.722013 57.000000
0.888735 1.090339 0.717520 0.729438 58.000000
0.888111 1.098239 0.717635 0.725293 59.000000
0.887830 1.109418 0.717759 0.720635 60.000000
0.887016 1.097671 0.718206 0.725936 61.000000
0.886826 1.107260 0.718193 0.721310 62.000000
0.886423 1.094500 0.718002 0.727861 63.000000
0.886204 1.100403 0.718523 0.725192 64.000000
0.885935 1.101822 0.718375 0.724053 65.000000
0.884964 1.110046 0.718832 0.719506 66.000000
0.884975 1.101665 0.719085 0.724414 67.000000
0.884822 1.087679 0.718954 0.730671 68.000000
0.883864 1.106061 0.719023 0.722746 69.000000
0.883990 1.090270 0.719414 0.729665 70.000000
0.883598 1.092268 0.719318 0.728249 71.000000
0.883362 1.090441 0.719400 0.729489 72.000000
0.882911 1.087990 0.719525 0.730441 73.000000
0.882343 1.102004 0.719638 0.724592 74.000000
0.882243 1.090991 0.719682 0.729611 75.000000
0.882782 1.091230 0.719950 0.729095 76.000000
0.881593 1.088310 0.719868 0.730542 77.000000
0.881710 1.096730 0.719842 0.726651 78.000000
0.881585 1.093462 0.719990 0.727983 79.000000
0.881732 1.089491 0.719455 0.730042 80.000000
0.881370 1.093482 0.719794 0.727512 81.000000
0.880920 1.088942 0.720110 0.729956 82.000000
0.880951 1.093404 0.720170 0.727830 83.000000
0.880706 1.093950 0.720339 0.727868 84.000000
0.880502 1.094095 0.720141 0.727645 85.000000
0.880128 1.087557 0.720388 0.730527 86.000000
0.880227 1.092054 0.720596 0.728662 87.000000
0.879832 1.091838 0.720495 0.728556 88.000000
0.879535 1.091140 0.720444 0.728813 89.000000
0.879412 1.089584 0.720670 0.729593 90.000000
0.879545 1.090850 0.720815 0.729066 91.000000
0.880145 1.091899 0.720322 0.728490 92.000000
0.879362 1.092292 0.720764 0.728340 93.000000
0.879616 1.091641 0.720441 0.728712 94.000000
0.879755 1.090757 0.720500 0.729084 95.000000
0.879452 1.090916 0.720645 0.729021 96.000000
0.878974 1.091124 0.720548 0.728890 97.000000
0.879363 1.091057 0.720506 0.728829 98.000000
0.879453 1.091353 0.720472 0.728746 99.000000
