1.120088 1.228101 0.484423 0.670836 0.000000
0.798185 1.129178 0.683099 0.713099 1.000000
0.756784 1.124206 0.707665 0.714670 2.000000
0.738601 1.113469 0.717421 0.717112 3.000000
0.727852 1.095774 0.723382 0.725913 4.000000
0.719721 1.090409 0.728016 0.728482 5.000000
0.713458 1.100945 0.731703 0.720412 6.000000
0.708195 1.082244 0.734868 0.729219 7.000000
0.703487 1.062056 0.737415 0.738927 8.000000
0.699722 1.061214 0.739458 0.738131 9.000000
0.696298 1.048953 0.741470 0.746200 10.000000
0.693275 1.043089 0.742992 0.748176 11.000000
0.690619 1.037919 0.744342 0.750239 12.000000
0.688548 1.047762 0.745270 0.746665 13.000000
0.686633 1.039947 0.746204 0.745835 14.000000
0.685073 1.059593 0.747113 0.739669 15.000000
0.683428 1.029161 0.747950 0.752389 16.000000
0.682359 1.045266 0.748662 0.744667 17.000000
0.681339 1.031625 0.749110 0.751438 18.000000
0.680425 1.020208 0.749548 0.756695 19.000000
0.679434 1.032127 0.749983 0.752957 20.000000
0.678511 1.004586 0.750666 0.764913 21.000000
0.677755 1.027231 0.750978 0.752728 22.000000
0.677082 1.025049 0.751394 0.756423 23.000000
0.676556 1.015278 0.751849 0.759872 24.000000
0.675890 1.027695 0.752123 0.752741 25.000000
0.675401 1.007324 0.752226 0.763311 26.000000
0.674728 1.016269 0.752549 0.758434 27.000000
0.674392 1.020154 0.752863 0.757104 28.000000
0.673903 1.022533 0.753084 0.756531 29.000000
0.673502 1.006582 0.753164 0.764170 30.000000
0.673141 1.008775 0.753489 0.762503 31.000000
0.672721 1.012931 0.753798 0.761468 32.000000
0.672383 1.006846 0.753967 0.763903 33.000000
0.672018 1.010923 0.754147 0.762783 34.000000
0.671712 1.029463 0.754319 0.753406 35.000000
0.671339 1.008681 0.754575 0.760600 36.000000
0.671090 1.017246 0.754573 0.757221 37.000000
0.670731 1.012176 0.754601 0.760804 38.000000
0.670556 1.015612 0.754907 0.758450 39.000000
0.670471 1.003968 0.754954 0.765497 40.000000
0.670154 1.010400 0.755213 0.760463 41.000000
0.669937 1.025083 0.755240 0.753463 42.000000
0.669756 1.010856 0.755263 0.762230 43.000000
0.669369 0.999389 0.755503 0.767180 44.000000
0.669048 1.012684 0.755503 0.759764 45.000000
0.669029 1.011297 0.755386 0.759320 46.000000
0.668741 1.004523 0.755840 0.764336 47.000000
0.668441 1.005499 0.755980 0.763441 48.000000
0.668299 0.995990 0.756054 0.766609 49.000000
0.668115 1.014258 0.755975 0.758233 50.000000
0.667993 1.011082 0.756196 0.759809 51.000000
0.667728 1.017681 0.756155 0.756544 52.000000
0.667431 1.010567 0.756394 0.760751 53.000000
0.667445 1.012140 0.756259 0.761322 54.000000
0.667207 1.004061 0.756546 0.764826 55.000000
0.666975 0.999095 0.756748 0.763971 56.000000
0.666712 1.005661 0.756775 0.763290 57.000000
0.666642 0.992706 0.756773 0.769775 58.000000
0.666459 1.012027 0.756987 0.758964 59.000000
0.666242 0.998578 0.756939 0.767396 60.000000
0.666067 0.999495 0.757036 0.766438 61.000000
0.665863 0.995647 0.757075 0.767038 62.000000
0.665818 1.004561 0.757272 0.762792 63.000000
0.665809 0.998468 0.756935 0.765852 64.000000
0.665492 0.999625 0.757228 0.764952 65.000000
0.665250 1.002978 0.757499 0.764003 66.000000
0.665249 0.992249 0.757193 0.769589 67.000000
0.665144 1.005396 0.757378 0.762025 68.000000
0.664981 0.997011 0.757472 0.766728 69.000000
0.664909 0.997308 0.757508 0.766638 70.000000
0.664821 0.998560 0.757561 0.766041 71.000000
0.664758 0.999618 0.757646 0.765130 72.000000
0.664622 1.001285 0.757709 0.764201 73.000000
0.664393 1.001975 0.757710 0.764399 74.000000
0.664396 0.997218 0.757821 0.766539 75.000000
0.664193 0.997570 0.757954 0.766544 76.000000
0.664153 1.001541 0.757659 0.764472 77.000000
0.664045 1.001666 0.758123 0.764348 78.000000
0.664033 0.997676 0.757922 0.765905 79.000000
0.663944 0.998417 0.757891 0.765712 80.000000
0.663849 0.998596 0.757947 0.765825 81.000000
0.663638 0.998299 0.758140 0.766131 82.000000
0.663730 0.997763 0.757825 0.765471 83.000000
0.663399 0.995622 0.758045 0.767204 84.000000
0.663514 0.996225 0.758177 0.766785 85.000000
0.663520 0.996677 0.758214 0.766321 86.000000
0.663387 0.998186 0.758184 0.765626 87.000000
0.663228 0.997115 0.758250 0.766188 88.000000
0.663330 0.995215 0.758260 0.767146 89.000000
0.663355 0.996975 0.758236 0.766253 90.000000
0.663245 0.997244 0.758175 0.766147 91.000000
0.663261 0.996823 0.758219 0.766311 92.000000
0.663137 0.997090 0.758235 0.766226 93.000000
0.663098 0.996779 0.758341 0.766410 94.000000
0.663321 0.997164 0.758244 0.766181 95.000000
0.663083 0.997048 0.758272 0.766196 96.000000
0.663343 0.997042 0.758418 0.766219 97.000000
0.663182 0.997186 0.758361 0.766167 98.000000
0.663135 0.997363 0.758205 0.766100 99.000000
