2.763837 4.058695 0.159106 0.309075 0.000000
2.012986 11.389261 0.442556 0.112597 1.000000
1.752528 7.267086 0.526722 0.400655 2.000000
1.630697 8.150598 0.556621 0.394265 3.000000
1.556914 9.262324 0.576186 0.384601 4.000000
1.507759 11.819407 0.589703 0.374878 5.000000
1.471320 11.724364 0.599238 0.379186 6.000000
1.441479 11.798055 0.607412 0.380613 7.000000
1.417899 11.133382 0.613312 0.362812 8.000000
1.397749 5.721879 0.618094 0.374325 9.000000
1.381862 5.070176 0.622134 0.414482 10.000000
1.362921 3.934528 0.625493 0.401892 11.000000
1.351578 4.328626 0.628366 0.148592 12.000000
1.338837 4.083361 0.631816 0.375824 13.000000
1.324725 7.015850 0.632384 0.026403 14.000000
1.317640 3.420230 0.635014 0.222313 15.000000
1.309546 3.078759 0.636572 0.426126 16.000000
1.302601 2.025410 0.636993 0.552958 17.000000
1.293982 2.171401 0.638434 0.443199 18.000000
1.283384 2.923923 0.638981 0.370279 19.000000
1.279669 1.920194 0.641908 0.488713 20.000000
1.271358 1.908657 0.641568 0.479397 21.000000
1.269542 2.112732 0.641820 0.414584 22.000000
1.262611 1.367347 0.642097 0.611469 23.000000
1.255399 2.684759 0.643480 0.346307 24.000000
1.250751 2.285747 0.643748 0.444582 25.000000
1.245611 2.402468 0.644383 0.244902 26.000000
1.241421 2.579482 0.645153 0.295539 27.000000
1.233194 1.885135 0.645639 0.439488 28.000000
1.231227 2.419961 0.645889 0.345768 29.000000
1.229348 2.672472 0.646786 0.367222 30.000000
1.221510 1.704629 0.646772 0.480795 31.000000
1.220894 2.337047 0.647171 0.368794 32.000000
1.210680 2.654428 0.646873 0.303268 33.000000
1.206044 2.814979 0.647794 0.269107 34.000000
1.202953 2.242822 0.648859 0.381879 35.000000
1.202047 3.092255 0.648378 0.337777 36.000000
1.198726 1.440322 0.649139 0.554472 37.000000
1.196951 2.768216 0.648368 0.269485 38.000000
1.192558 1.311919 0.648717 0.574674 39.000000
1.187387 1.639686 0.649762 0.557412 40.000000
1.185672 3.580765 0.648695 0.119569 41.000000
1.181441 2.335088 0.649773 0.335754 42.000000
1.178367 1.865329 0.649755 0.464493 43.000000
1.178665 1.532157 0.650595 0.532334 44.000000
1.171423 1.514869 0.651161 0.570453 45.000000
1.169621 2.060865 0.650408 0.448541 46.000000
1.168673 2.141846 0.650222 0.337967 47.000000
1.162017 1.983202 0.651676 0.377644 48.000000
1.161545 1.517812 0.650846 0.536657 49.000000
1.158269 1.533876 0.650915 0.500764 50.000000
1.154427 1.883918 0.652573 0.436649 51.000000
1.152409 1.182348 0.651732 0.621701 52.000000
1.152588 1.563590 0.651854 0.509235 53.000000
1.149300 2.007939 0.650505 0.386653 54.000000
1.145651 1.854491 0.652377 0.423725 55.000000
1.143798 1.673563 0.651535 0.486544 56.000000
1.146368 1.362761 0.651811 0.560774 57.000000
1.141546 1.625150 0.652658 0.460549 58.000000
1.141931 1.303587 0.651767 0.573685 59.000000
1.136639 1.305570 0.652816 0.597671 60.000000
1.137426 1.345465 0.653565 0.577338 61.000000
1.136428 1.920937 0.653056 0.443549 62.000000
1.133764 1.501305 0.653255 0.537152 63.000000
1.129500 1.343141 0.653588 0.583422 64.000000
1.129065 1.468595 0.653588 0.535856 65.000000
1.130035 1.258927 0.653201 0.608078 66.000000
1.126835 1.193750 0.653608 0.620290 67.000000
1.124837 1.191251 0.652987 0.612721 68.000000
1.126584 1.373581 0.653455 0.584135 69.000000
1.123196 1.331299 0.654475 0.569682 70.000000
1.118686 1.250082 0.654725 0.596943 71.000000
1.119638 1.123416 0.653924 0.644480 72.000000
1.116858 1.224107 0.654764 0.614584 73.000000
1.121084 1.192268 0.653390 0.618761 74.000000
1.117387 1.436809 0.654680 0.561386 75.000000
1.117151 1.200787 0.654020 0.618267 76.000000
1.116571 1.232127 0.654748 0.605313 77.000000
1.114273 1.280194 0.654412 0.596143 78.000000
1.113083 1.163019 0.654687 0.623157 79.000000
1.113207 1.129643 0.653584 0.630362 80.000000
1.112355 1.150067 0.655207 0.623594 81.000000
1.113117 1.187274 0.654550 0.617451 82.000000
1.109591 1.177913 0.655353 0.626126 83.000000
1.109242 1.178349 0.654815 0.624685 84.000000
1.109177 1.105484 0.655128 0.644684 85.000000
1.109485 1.134980 0.654378 0.636315 86.000000
1.111096 1.119773 0.654867 0.642995 87.000000
1.107332 1.089820 0.654720 0.652223 88.000000
1.107840 1.086872 0.655171 0.650506 89.000000
1.109260 1.099767 0.654952 0.648133 90.000000
1.107686 1.085111 0.654784 0.650826 91.000000
1.102999 1.071827 0.655270 0.653722 92.000000
1.106557 1.089293 0.654944 0.648177 93.000000
1.108536 1.082150 0.655400 0.650535 94.000000
1.105554 1.080223 0.655554 0.651641 95.000000
1.106613 1.080806 0.655513 0.650040 96.000000
1.106053 1.080979 0.655351 0.650622 97.000000
1.106958 1.081375 0.655561 0.649982 98.000000
1.109860 1.080868 0.655176 0.651015 99.000000
